1 0 5 277076082 1 32 4.005296
1 0 5 4485948 2 39 16 6.648819
1 0 5 98986428 3 24 21 33 9.139713
1 0 5 135661386 4 9 35 27 19 12.701444
1 0 5 53237094 5 4 22 17 27 31 14.986225
1 0 5 76238976 6 14 34 30 25 35 23 17.767603
1 0 5 139646184 7 25 5 19 6 13 10 4 21.002205
1 0 5 3550296 8 35 34 7 32 12 5 11 26 24.791043
1 0 5 212187900 9 17 38 3 34 36 40 6 13 24 27.603384
1 0 5 25005636 10 29 16 5 26 37 13 15 28 22 30 31.393304
1 0 5 685288602 11 33 11 20 9 24 23 27 5 32 10 7 34.938805
1 0 5 451058436 12 4 27 37 16 13 20 24 39 25 38 31 32 38.120742
1 0 5 49269390 13 25 14 37 34 33 24 32 31 16 40 22 17 2 42.639560
1 0 5 42206304 14 13 14 25 31 30 32 17 38 8 18 22 19 37 35 46.756357
1 0 5 294852108 15 37 16 8 27 3 25 2 38 15 4 28 21 6 26 12 49.730402
1 0 5 318888576 16 26 5 19 2 8 38 33 3 17 39 16 30 23 4 25 24 55.364786
1 0 5 253179840 17 10 33 2 7 3 32 8 17 5 4 36 21 38 27 37 31 14 58.949793
1 0 5 624673908 18 5 32 8 35 34 23 39 26 25 22 36 9 7 6 13 24 40 20 62.252746
1 0 5 57673752 19 3 12 6 15 8 25 29 35 33 11 21 23 13 39 16 22 4 20 5 66.924633
1 0 5 17697618 20 18 19 20 30 33 23 27 26 32 36 11 31 6 14 12 3 34 21 38 24 72.026516
1 0 5 17128554 21 16 23 34 26 40 5 39 10 29 36 31 11 32 25 24 38 2 27 8 33 4 76.470978
1 0 5 474471060 22 5 31 27 32 18 9 37 13 6 25 16 3 11 28 21 26 34 14 22 12 8 4 81.261053
1 0 5 321931476 23 38 22 26 10 2 28 14 17 21 32 9 24 18 6 31 12 16 35 29 40 27 23 30 86.360349
1 0 5 134486922 24 38 25 8 40 15 26 13 21 19 32 31 23 33 4 11 36 27 9 14 20 22 6 18 39 92.359220
1 0 5 387726438 25 4 14 7 22 21 23 16 31 35 25 34 27 19 24 28 13 10 30 33 6 8 11 5 3 12 96.405675
1 0 5 75801738 26 23 2 11 26 4 24 22 36 14 34 8 25 20 7 9 40 21 19 16 10 12 31 15 33 6 38 100.233293
1 0 5 115971546 27 28 23 20 39 27 18 15 12 34 9 14 19 32 30 29 40 4 22 16 21 25 7 35 8 10 37 24 105.676885
1 0 5 157688538 28 37 17 32 25 18 10 29 13 12 6 3 20 19 26 33 27 28 21 16 24 30 31 7 2 39 38 23 40 112.512872
1 0 5 181397730 29 31 37 5 13 7 11 10 20 2 22 32 15 35 17 24 39 19 12 16 18 8 38 3 4 23 21 29 40 25 117.841907
1 0 5 216773652 30 15 32 16 13 26 21 38 24 19 5 17 28 37 9 2 33 34 36 23 31 39 14 29 22 3 25 27 20 10 12 123.391165
1 0 5 89413620 31 21 32 18 7 25 40 28 38 27 24 11 31 2 23 12 19 13 33 30 34 5 8 37 36 26 16 10 6 22 29 35 128.115425
1 0 5 149139894 32 16 33 19 30 17 34 21 22 12 24 2 27 35 11 3 25 13 4 36 7 9 29 38 5 28 37 40 6 18 8 23 26 135.348579
1 0 5 14461104 33 28 11 21 7 24 40 23 13 15 29 37 35 8 25 36 10 19 6 3 9 31 34 38 30 18 2 5 4 32 26 17 12 33 141.987218
1 0 5 175763064 34 29 37 16 28 33 12 22 15 9 32 26 17 2 39 40 6 30 27 31 11 7 38 36 3 8 34 4 21 35 20 13 5 23 14 146.031284
1 0 5 294996 35 8 13 24 39 14 17 10 30 25 16 3 21 37 6 40 20 22 23 5 32 9 4 18 2 28 31 26 38 35 19 34 7 11 27 33 153.371943
1 0 5 421450644 36 10 39 33 21 36 2 14 28 7 11 30 19 5 18 38 32 9 13 35 25 16 26 4 40 37 29 23 6 20 34 24 12 15 3 17 31 159.992828
1 0 5 69702030 37 10 35 28 37 15 22 24 23 2 38 27 32 6 17 31 18 39 12 20 26 21 40 7 36 13 9 5 34 33 3 25 16 14 4 11 30 19 163.079437
1 0 5 63289986 38 26 32 25 5 27 18 14 34 6 29 31 16 19 4 20 2 3 38 15 12 10 40 23 39 36 22 21 17 11 30 7 9 33 24 28 8 37 13 172.648692
1 0 5 13719216 39 40 3 28 5 34 17 26 9 21 19 24 27 23 36 2 31 38 7 35 4 8 29 39 30 18 6 32 14 37 20 25 33 13 11 10 12 22 16 15 177.797890
