1 0 5 195500424 1 15 6.940094
1 0 5 126608364 2 2 15 19.026459
1 0 5 9889446 3 38 3 35 40.417495
1 0 5 12953304 4 5 30 4 26 71.318643
1 0 5 334219602 5 28 17 22 21 12 125.438943
1 0 5 211766880 6 14 12 6 37 32 3 195.634332
1 0 5 44928654 7 19 36 20 2 25 6 39 309.438656
1 0 5 4360152 8 36 11 24 15 32 12 17 13 465.677060
1 0 5 65061870 9 11 19 28 34 36 35 27 31 16 665.420195
1 0 5 28274286 10 16 21 5 32 20 6 19 24 7 33 925.802922
1 0 5 10116996 11 21 25 28 9 4 13 23 32 35 10 20 1261.542594
1 0 5 62430984 12 17 5 10 37 2 35 13 20 4 18 30 39 1655.538094
1 0 5 68220792 13 17 34 13 12 8 4 24 29 38 14 27 25 3 2205.078880
1 0 5 13017522 14 13 16 25 21 28 35 33 4 40 36 34 31 2 39 2844.158062
1 0 5 284591130 15 3 29 13 35 21 8 23 27 4 25 17 36 5 38 26 3637.961968
1 0 5 1400484 16 11 27 28 34 12 22 24 16 21 6 31 9 26 40 8 25 4546.998062
1 0 5 9077034 17 29 32 6 38 21 22 37 14 3 28 25 26 23 30 7 35 18 5638.122103
1 0 5 109653342 18 3 12 28 29 35 27 32 31 2 25 16 17 6 34 18 11 9 13 6935.575027
1 0 5 152903832 19 40 11 9 25 39 4 38 3 36 24 31 23 32 18 7 17 19 12 30 8441.785729
1 0 5 143988522 20 38 23 24 29 7 5 34 37 21 10 30 35 6 19 39 8 9 20 13 16 10201.337280
1 0 5 141494040 21 40 5 38 34 7 37 13 2 16 8 27 19 39 28 33 32 6 15 14 11 12 12215.242190
1 0 5 330726768 22 2 3 21 17 13 14 25 20 16 32 5 37 11 18 24 33 39 22 31 9 29 28 14474.606106
1 0 5 15140010 23 34 4 16 21 38 13 10 26 31 39 28 40 14 5 22 19 27 12 25 6 20 37 11 17076.188159
1 0 5 147036174 24 8 31 12 13 10 34 20 29 40 38 5 28 22 23 2 24 9 32 19 15 36 39 4 11 20060.944205
