1 0 1 14370996 4 38 32 34 18 2.591849
1 0 5 10957296 4 22 8 24 40 13.225426
1 0 9 151951690 4 26 7 12 34 23.623659
1 0 13 92046304 4 31 17 7 25 32.518789
1 0 17 119418588 4 32 2 4 28 42.383838
1 0 21 112899248 4 12 36 13 38 54.633229
1 0 25 1657965868 4 21 12 28 22 65.157663
1 0 29 800874090 4 6 11 40 13 75.299793
1 0 33 319230998 4 38 17 18 15 86.021448
1 0 37 37492928 4 25 34 29 21 95.860587
1 0 41 856034844 4 16 24 30 15 105.352224
1 0 45 1507391526 4 7 8 21 23 116.457149
1 0 49 104648650 4 11 36 38 6 121.842867
1 0 53 1754951130 4 39 17 31 4 133.196139
1 0 57 61246898 4 19 31 32 40 145.477733
1 0 61 1490315514 4 9 5 33 21 156.240413
1 0 65 1791419916 4 35 38 18 26 170.084970
1 0 69 416568040 4 15 10 12 2 177.449328
1 0 73 339518142 4 2 15 30 6 181.269780
1 0 77 2147483647 4 35 33 18 31 192.044806
1 0 81 62385354 4 21 4 29 33 208.579471
1 0 85 1534609026 4 23 33 26 7 215.178740
1 0 89 2147483647 4 36 6 23 26 226.588888
1 0 93 2130872840 4 34 5 20 39 235.184015
1 0 97 615268206 4 14 10 20 25 251.625545
1 0 101 2147483647 4 3 36 5 31 262.172416
1 0 105 2147483647 4 16 7 38 31 270.597280
1 0 109 2147483647 4 14 18 30 36 277.397444
1 0 113 2147483647 4 7 34 26 29 295.933016
1 0 117 2147483647 4 2 19 20 22 294.366620
1 0 121 2147483647 4 21 30 5 32 303.514957
1 0 125 1500523794 4 20 24 18 27 323.394520
1 0 129 2147483647 4 9 26 14 20 336.041412
1 0 133 1166308396 4 21 13 4 9 343.389326
1 0 137 1910878824 4 14 3 7 31 352.551969
1 0 141 1731373908 4 10 21 34 39 365.905064
1 0 145 986217590 4 28 35 20 7 368.730435
1 0 149 1340319900 4 37 13 18 36 383.578030
1 0 153 368939340 4 34 39 27 35 396.825412
1 0 157 2147483647 4 16 17 4 18 408.578160
1 0 161 1012103424 4 13 26 28 15 409.446151
1 0 165 2147483647 4 40 29 38 9 426.185144
1 0 169 2147483647 4 29 26 38 28 424.490417
1 0 173 842383068 4 40 32 3 8 429.086699
1 0 177 219684040 4 13 16 19 39 438.225131
1 0 181 384917624 4 35 26 18 3 451.063464
1 0 185 2147483647 4 34 17 25 4 458.125150
1 0 189 2147483647 4 10 13 38 26 466.138247
1 0 193 2147483647 4 37 7 22 10 477.926219
1 0 197 2147483647 4 32 19 14 39 491.056353
1 0 201 11103940 4 4 20 5 17 499.016266
1 0 205 2147483647 4 21 3 10 16 508.425920
1 0 209 45122070 4 18 20 24 27 516.800259
1 0 213 2147483647 4 9 38 15 36 529.990275
1 0 217 2147483647 4 20 15 39 13 533.492636
1 0 221 1506965304 4 17 37 21 27 550.708499
1 0 225 2147483647 4 35 19 34 36 559.924813
1 0 229 752098850 4 24 23 37 12 569.983598
1 0 233 2147483647 4 24 28 6 29 578.795531
1 0 237 2147483647 4 16 26 33 2 588.299502
1 0 241 2147483647 4 3 26 7 27 598.935417
1 0 245 2147483647 4 37 29 19 36 611.280102
1 0 249 603086750 4 17 14 9 2 619.072360
1 0 253 2147483647 4 21 26 39 33 627.299420
1 0 257 97908678 4 24 32 15 35 633.059224
1 0 261 2147483647 4 5 9 13 16 649.064746
1 0 265 117612964 4 31 6 26 2 657.747456
1 0 269 2147483647 4 13 18 28 40 672.194102
1 0 273 2147483647 4 24 11 7 31 682.967957
1 0 277 1986060078 4 29 14 33 32 688.992036
1 0 281 2147483647 4 33 10 31 4 701.711730
1 0 285 1851722730 4 21 24 6 15 706.896919
