1 0 1 1464286 4 8 23 11 26 14.632270
1 0 4 11515135 4 6 34 3 5 57.173924
1 0 7 4777968 4 17 7 31 24 98.954921
1 0 10 127085486 4 21 34 39 33 141.274336
1 0 13 279731718 4 19 7 38 13 183.828766
1 0 16 701438938 4 5 35 39 21 228.118439
1 0 19 261594540 4 17 3 35 22 272.608562
1 0 22 547427715 4 11 33 2 9 317.005642
1 0 25 523523338 4 27 16 26 31 361.069788
1 0 28 144821911 4 29 21 7 34 404.379880
1 0 31 761954464 4 20 34 35 33 445.117133
1 0 34 722511650 4 25 12 14 39 490.489518
1 0 37 44803786 4 34 2 31 30 533.050049
1 0 40 82684331 4 25 14 29 22 576.667216
1 0 43 100039148 4 29 19 20 15 626.933520
1 0 46 2147483647 4 3 31 9 15 664.978238
1 0 49 1274762950 4 4 27 24 30 706.256632
1 0 52 20248915 4 15 4 12 11 751.456347
1 0 55 635849592 4 39 26 12 10 799.030874
1 0 58 1068804529 4 14 15 9 6 841.438690
1 0 61 600553390 4 11 29 23 9 887.186222
1 0 64 1149452980 4 35 24 4 13 921.745308
1 0 67 950072744 4 33 12 5 8 972.992428
1 0 70 882085327 4 27 9 11 16 1017.942878
1 0 73 589145080 4 25 3 23 7 1062.988026
1 0 76 1019839359 4 14 24 31 25 1108.812887
1 0 79 509596560 4 31 2 14 8 1154.191695
1 0 82 2147483647 4 2 14 11 6 1198.373123
1 0 85 1618115370 4 24 27 30 9 1243.525308
1 0 88 141524685 4 21 31 5 19 1292.027215
1 0 91 2033037252 4 20 8 35 31 1339.740224
1 0 94 2086007340 4 25 8 12 17 1382.089255
1 0 97 204388408 4 29 30 17 22 1429.159132
1 0 100 928703181 4 12 20 4 8 1480.553194
1 0 103 2147483647 4 9 23 15 11 1523.552274
1 0 106 1119338984 4 21 2 25 13 1574.757220
1 0 109 989448680 4 32 6 27 5 1619.857934
1 0 112 2147483647 4 5 33 6 14 1673.458108
1 0 115 2088312504 4 15 18 13 14 1715.870217
1 0 118 60938353 4 17 10 19 16 1767.718025
1 0 121 1796326658 4 14 16 36 3 1821.125083
1 0 124 719476375 4 25 13 39 29 1861.607812
1 0 127 2147483647 4 29 2 38 30 1902.068320
1 0 130 1055483768 4 2 21 24 6 1962.952775
1 0 133 1444911950 4 40 25 18 26 2006.066027
1 0 136 815159864 4 15 33 31 40 2045.679303
1 0 139 1502446820 4 3 34 25 21 2096.006357
1 0 142 674547445 4 18 37 6 11 2154.082401
1 0 145 1998375292 4 34 39 4 13 2199.799758
1 0 148 2147483647 4 9 7 38 14 2248.092193
1 0 151 86568256 4 31 29 32 38 2294.993762
1 0 154 2147483647 4 24 2 32 6 2350.502210
1 0 157 2147483647 4 27 13 38 29 2392.200705
1 0 160 2147483647 4 13 37 29 25 2444.684058
1 0 163 1938403576 4 22 36 20 30 2489.754895
1 0 166 1637589809 4 25 7 22 39 2589.163613
1 0 169 126063670 4 40 3 23 4 2628.814723
1 0 172 918080552 4 34 36 6 8 2667.880669
1 0 175 2147483647 4 7 13 25 27 2717.146561
1 0 178 307045860 4 7 8 32 22 2775.953499
1 0 181 1295838908 4 5 36 22 20 2843.754485
1 0 184 2147483647 4 16 2 30 26 2852.591152
1 0 187 951378700 4 15 5 26 12 2928.811374
1 0 190 2147483647 4 34 9 28 39 2961.820814
1 0 193 1413483806 4 38 4 37 23 3040.065701
1 0 196 494621887 4 34 23 17 24 3101.558906
1 0 199 2147483647 4 30 4 15 25 3157.252214
1 0 202 938472654 4 6 23 2 40 3212.004082
1 0 205 2147483647 4 23 28 30 7 3248.945337
1 0 208 1679372266 4 34 26 38 14 3304.480366
