12 38 5
1 2 1 
1 2 1 
1 2 2 22 
1 2 2 6 23 
1 2 2 7 10 31 24 
1 3 2 
1 3 1 3 
1 3 1 4 25 
1 3 1 5 12 29 26 
1 3 1 5 27 26 
1 4 1 4 
1 4 2 6 
1 4 1 3 6 
1 4 1 4 
1 4 1 5 27 26 6 
1 5 2 7 
1 5 1 3 7 
1 5 1 4 25 7 
1 5 1 5 12 29 
1 5 1 5 27 
1 6 1 5 
1 6 1 3 7 10 31 
1 6 1 3 7 8 
1 6 1 3 7 9 30 
1 6 1 4 25 7 8 
1 7 1 5 11 
1 7 2 7 9 
1 7 1 3 7 8 11 
1 7 1 3 7 9 
1 7 1 4 25 7 9 
1 8 1 5 12 34 
1 8 2 7 10 34 
1 8 1 5 11 13 
1 8 2 7 9 13 
1 8 1 3 7 10 34 
1 9 1 5 12 
1 9 2 7 10 
1 9 1 3 7 10 
1 9 1 3 7 8 12 
1 9 1 4 25 7 10 
1 10 1 5 12 17 
1 10 2 7 10 17 
1 10 1 5 11 14 
1 10 2 7 9 14 
1 10 1 3 7 10 17 
1 11 1 5 12 17 18 
1 11 2 7 10 17 18 
1 11 1 5 11 14 18 
1 11 2 7 9 14 18 
1 11 1 5 12 17 18 
1 12 1 5 12 34 16 
1 12 2 7 10 34 16 
1 12 1 5 11 13 16 
1 12 2 7 9 13 16 
1 12 1 5 12 34 16 
2 1 20 
2 1 20 
2 1 3 21 
2 1 4 25 21 
2 1 5 12 29 26 21 
2 3 3 
2 3 20 2 
2 3 3 
2 3 4 25 
2 3 5 12 29 26 
2 4 4 
2 4 20 2 6 
2 4 3 6 
2 4 4 
2 4 5 12 29 26 6 
2 5 3 7 
2 5 5 27 
2 5 20 2 7 
2 5 3 7 
2 5 4 25 7 
2 6 5 
2 6 20 2 7 10 31 
2 6 20 2 7 8 
2 6 20 2 7 9 30 
2 6 3 7 10 31 
2 7 5 11 
2 7 20 2 7 8 11 
2 7 20 2 7 9 
2 7 3 7 10 34 32 
2 7 3 7 10 17 33 
2 8 5 12 34 
2 8 5 11 13 
2 8 20 2 7 10 34 
2 8 20 2 7 9 13 
2 8 3 7 10 34 
2 9 5 12 
2 9 20 2 7 10 
2 9 20 2 7 8 12 
2 9 3 7 10 
2 9 3 7 8 12 
2 10 5 12 17 
2 10 5 11 14 
2 10 20 2 7 10 17 
2 10 20 2 7 9 14 
2 10 3 7 10 17 
2 11 5 12 17 18 
2 11 5 11 14 18 
2 11 3 7 10 17 18 
2 11 3 7 9 14 18 
2 11 5 12 34 16 38 
2 12 5 12 34 16 
2 12 5 11 13 16 
2 12 3 7 10 34 16 
2 12 3 7 9 13 16 
2 12 5 12 34 16 
3 1 21 
3 1 21 
3 1 22 20 
3 1 6 23 20 
3 1 7 10 31 24 20 
3 2 22 
3 2 21 1 
3 2 22 
3 2 6 23 
3 2 7 10 31 24 
3 4 6 
3 4 21 1 4 
3 4 22 4 
3 4 6 
3 4 7 10 31 24 4 
3 5 7 
3 5 21 1 5 12 29 
3 5 21 1 5 27 
3 5 21 1 5 11 28 
3 5 22 5 12 29 
3 6 22 5 
3 6 7 8 
3 6 21 1 5 
3 6 22 5 
3 6 6 23 5 
3 7 7 9 
3 7 21 1 5 27 9 
3 7 21 1 5 11 
3 7 22 5 12 34 32 
3 7 22 5 12 17 33 
3 8 7 10 34 
3 8 7 9 13 
3 8 21 1 5 12 34 
3 8 21 1 5 11 13 
3 8 22 5 12 34 
3 9 7 10 
3 9 21 1 5 12 
3 9 21 1 5 27 10 
3 9 22 5 12 
3 9 22 5 27 10 
3 10 7 10 17 
3 10 7 9 14 
3 10 21 1 5 12 17 
3 10 21 1 5 11 14 
3 10 22 5 12 17 
3 11 7 10 17 18 
3 11 7 9 14 18 
3 11 22 5 12 17 18 
3 11 22 5 11 14 18 
3 11 7 10 34 16 38 
3 12 7 10 34 16 
3 12 7 9 13 16 
3 12 22 5 12 34 16 
3 12 22 5 11 13 16 
3 12 7 10 34 16 
4 1 23 20 
4 1 25 21 
4 1 23 20 
4 1 23 3 21 
4 1 23 5 27 26 21 
4 2 23 
4 2 23 
4 2 25 21 1 
4 2 25 22 
4 2 25 7 10 31 24 
4 3 25 
4 3 23 20 2 
4 3 23 3 
4 3 23 5 12 29 26 
4 3 23 5 27 26 
4 5 25 7 
4 5 23 20 2 7 
4 5 23 3 7 
4 5 23 5 12 29 
4 5 23 5 27 
4 6 23 5 
4 6 23 20 2 7 8 
4 6 23 3 7 10 31 
4 6 23 3 7 8 
4 6 23 3 7 9 30 
4 7 23 5 11 
4 7 25 7 9 
4 7 23 20 2 7 9 
4 7 23 3 7 8 11 
4 7 23 3 7 9 
4 8 23 5 12 34 
4 8 25 7 10 34 
4 8 23 5 11 13 
4 8 25 7 9 13 
4 8 23 3 7 10 34 
4 9 23 5 12 
4 9 25 7 10 
4 9 23 20 2 7 10 
4 9 23 3 7 10 
4 9 23 3 7 8 12 
4 10 23 5 12 17 
4 10 25 7 10 17 
4 10 23 5 11 14 
4 10 25 7 9 14 
4 10 23 3 7 10 17 
4 11 23 5 12 17 18 
4 11 25 7 10 17 18 
4 11 23 5 11 14 18 
4 11 25 7 9 14 18 
4 11 23 5 12 17 18 
4 12 23 5 12 34 16 
4 12 25 7 10 34 16 
4 12 23 5 11 13 16 
4 12 25 7 9 13 16 
4 12 23 5 12 34 16 
5 1 26 21 
5 1 10 31 24 20 
5 1 10 31 24 3 21 
5 1 26 21 
5 1 26 22 20 
5 2 26 22 
5 2 8 24 
5 2 10 34 32 30 24 
5 2 10 17 33 30 24 
5 2 10 31 24 
5 3 26 
5 3 10 31 24 20 2 
5 3 10 31 24 3 
5 3 10 31 24 4 25 
5 3 26 
5 4 26 6 
5 4 10 31 24 3 6 
5 4 10 31 24 4 
5 4 26 21 1 4 
5 4 26 22 4 
5 6 8 
5 6 10 34 32 30 
5 6 10 17 33 30 
5 6 10 31 
5 6 26 21 1 5 
5 7 9 
5 7 10 34 32 
5 7 10 17 33 
5 7 10 31 11 
5 7 26 21 1 5 11 
5 8 10 34 
5 8 9 13 
5 8 10 34 
5 8 10 17 18 19 35 
5 8 10 17 33 13 
5 9 10 
5 9 10 
5 9 26 21 1 5 12 
5 9 26 22 5 12 
5 9 26 6 23 5 12 
5 10 10 17 
5 10 9 14 
5 10 10 34 16 38 37 
5 10 10 34 32 14 
5 10 10 17 
5 11 10 17 18 
5 11 9 14 18 
5 11 10 34 16 38 
5 11 10 34 32 14 18 
5 11 10 17 18 
5 12 10 34 16 
5 12 9 13 16 
5 12 10 34 16 
5 12 10 17 18 19 
5 12 10 17 33 13 16 
6 1 24 20 
6 1 12 29 26 21 
6 1 12 29 26 22 20 
6 1 24 20 
6 1 24 3 21 
6 2 24 
6 2 12 29 26 21 1 
6 2 12 29 26 22 
6 2 12 29 26 6 23 
6 2 24 
6 3 24 3 
6 3 27 26 
6 3 12 34 32 28 26 
6 3 12 17 33 28 26 
6 3 12 29 26 
6 4 24 4 
6 4 12 29 26 22 4 
6 4 12 29 26 6 
6 4 24 20 2 6 
6 4 24 3 6 
6 5 27 
6 5 12 34 32 28 
6 5 12 17 33 28 
6 5 12 29 
6 5 24 20 2 7 
6 7 11 
6 7 12 34 32 
6 7 12 17 33 
6 7 12 29 9 
6 7 24 20 2 7 9 
6 8 12 34 
6 8 11 13 
6 8 12 34 
6 8 12 17 18 19 35 
6 8 12 17 33 13 
6 9 12 
6 9 12 
6 9 24 20 2 7 10 
6 9 24 3 7 10 
6 9 24 4 25 7 10 
6 10 12 17 
6 10 11 14 
6 10 12 34 16 38 37 
6 10 12 34 32 14 
6 10 12 17 
6 11 12 17 18 
6 11 11 14 18 
6 11 12 34 16 38 
6 11 12 34 32 14 18 
6 11 12 17 18 
6 12 12 34 16 
6 12 11 13 16 
6 12 12 34 16 
6 12 12 17 18 19 
6 12 12 17 33 13 16 
7 1 28 26 21 
7 1 30 24 20 
7 1 13 15 29 26 21 
7 1 13 15 31 24 20 
7 1 14 36 29 26 21 
7 2 30 24 
7 2 13 15 29 26 22 
7 2 13 15 29 8 24 
7 2 13 15 31 24 
7 2 14 36 29 26 22 
7 3 28 26 
7 3 13 15 29 26 
7 3 13 15 31 24 3 
7 3 13 15 31 27 26 
7 3 14 36 29 26 
7 4 28 26 6 
7 4 30 24 4 
7 4 13 15 29 26 6 
7 4 13 15 31 24 4 
7 4 14 36 29 26 6 
7 5 28 
7 5 13 15 29 
7 5 13 15 31 27 
7 5 14 36 29 
7 5 14 36 31 27 
7 6 30 
7 6 13 15 29 8 
7 6 13 15 31 
7 6 14 36 29 8 
7 6 14 36 31 
7 8 13 
7 8 13 
7 8 14 36 34 
7 8 14 18 19 35 
7 8 28 10 34 
7 9 13 15 
7 9 14 36 
7 9 28 10 
7 9 30 12 
7 9 13 15 
7 10 14 
7 10 13 15 17 
7 10 13 16 38 37 
7 10 14 
7 10 28 10 17 
7 11 14 18 
7 11 13 15 17 18 
7 11 13 16 38 
7 11 14 36 34 16 38 
7 11 14 18 
7 12 13 16 
7 12 13 15 17 18 19 
7 12 13 16 
7 12 14 36 34 16 
7 12 14 18 19 
8 1 15 29 26 21 
8 1 32 28 26 21 
8 1 15 31 24 20 
8 1 32 30 24 20 
8 1 15 29 26 21 
8 2 15 31 24 
8 2 32 30 24 
8 2 15 17 33 30 24 
8 2 15 29 26 21 1 
8 2 15 29 26 22 
8 3 15 29 26 
8 3 32 28 26 
8 3 15 17 33 28 26 
8 3 15 29 26 
8 3 15 29 8 24 3 
8 4 15 29 26 6 
8 4 32 28 26 6 
8 4 15 31 24 4 
8 4 32 30 24 4 
8 4 15 29 26 22 4 
8 5 15 29 
8 5 32 28 
8 5 15 17 33 28 
8 5 15 17 33 30 27 
8 5 15 29 
8 6 15 31 
8 6 32 30 
8 6 15 17 33 28 8 
8 6 15 17 33 30 
8 6 15 29 26 22 5 
8 7 32 
8 7 15 17 33 
8 7 15 29 8 11 
8 7 15 29 9 
8 7 15 31 27 9 
8 9 15 
8 9 15 
8 9 16 38 37 36 
8 9 32 14 36 
8 9 32 28 10 
8 10 15 17 
8 10 32 14 
8 10 15 17 
8 10 15 29 8 11 14 
8 10 15 29 9 14 
8 11 16 38 
8 11 15 17 18 
8 11 15 29 9 14 18 
8 11 15 31 11 14 18 
8 11 16 38 
8 12 16 
8 12 15 17 18 19 
8 12 16 
8 12 32 14 18 19 
9 1 29 26 21 
9 1 31 24 20 
9 1 34 32 28 26 21 
9 1 34 32 30 24 20 
9 1 17 33 28 26 21 
9 2 31 24 
9 2 34 32 28 26 22 
9 2 34 32 28 8 24 
9 2 34 32 30 24 
9 2 17 33 28 26 22 
9 3 29 26 
9 3 34 32 28 26 
9 3 34 32 30 24 3 
9 3 34 32 30 27 26 
9 3 17 33 28 26 
9 4 29 26 6 
9 4 31 24 4 
9 4 34 32 28 26 6 
9 4 34 32 30 24 4 
9 4 17 33 28 26 6 
9 5 29 
9 5 34 32 28 
9 5 34 32 30 27 
9 5 17 33 28 
9 5 17 33 30 27 
9 6 31 
9 6 34 32 28 8 
9 6 34 32 30 
9 6 17 33 28 8 
9 6 17 33 30 
9 7 34 32 
9 7 17 33 
9 7 29 9 
9 7 31 11 
9 7 34 16 38 37 33 
9 8 34 
9 8 34 
9 8 17 18 19 35 
9 8 17 33 13 
9 8 29 8 11 13 
9 10 17 
9 10 34 16 38 37 
9 10 34 32 14 
9 10 17 
9 10 29 8 11 14 
9 11 17 18 
9 11 34 16 38 
9 11 34 32 14 18 
9 11 17 18 
9 11 17 33 13 16 38 
9 12 34 16 
9 12 34 16 
9 12 34 32 14 18 19 
9 12 17 18 19 
9 12 17 33 13 16 
10 1 36 29 26 21 
10 1 33 28 26 21 
10 1 36 31 24 20 
10 1 33 30 24 20 
10 1 36 29 26 21 
10 2 36 31 24 
10 2 33 30 24 
10 2 36 34 32 30 24 
10 2 36 29 26 21 1 
10 2 36 29 26 22 
10 3 36 29 26 
10 3 33 28 26 
10 3 36 34 32 28 26 
10 3 36 29 26 
10 3 36 29 8 24 3 
10 4 36 29 26 6 
10 4 33 28 26 6 
10 4 36 31 24 4 
10 4 33 30 24 4 
10 4 36 29 26 22 4 
10 5 36 29 
10 5 33 28 
10 5 36 34 32 28 
10 5 36 34 32 30 27 
10 5 36 29 
10 6 36 31 
10 6 33 30 
10 6 36 34 32 28 8 
10 6 36 34 32 30 
10 6 36 29 26 22 5 
10 7 33 
10 7 36 34 32 
10 7 36 29 8 11 
10 7 36 29 9 
10 7 36 31 27 9 
10 8 36 34 
10 8 33 13 
10 8 36 34 
10 8 36 29 8 11 13 
10 8 36 29 9 13 
10 9 36 
10 9 36 
10 9 18 19 35 15 
10 9 33 13 15 
10 9 33 28 10 
10 11 18 
10 11 36 34 16 38 
10 11 18 
10 11 33 13 16 38 
10 12 18 19 
10 12 36 34 16 
10 12 36 29 9 13 16 
10 12 36 31 11 13 16 
10 12 18 19 
11 1 37 36 29 26 21 
11 1 37 33 28 26 21 
11 1 37 36 31 24 20 
11 1 37 33 30 24 20 
11 1 37 36 29 26 21 
11 2 37 36 31 24 
11 2 37 33 30 24 
11 2 37 36 29 26 22 
11 2 37 36 29 8 24 
11 2 37 36 31 24 
11 3 37 36 29 26 
11 3 37 33 28 26 
11 3 37 36 29 26 
11 3 37 36 31 24 3 
11 3 37 36 31 27 26 
11 4 37 36 29 26 6 
11 4 37 33 28 26 6 
11 4 37 36 31 24 4 
11 4 37 33 30 24 4 
11 4 37 36 29 26 6 
11 5 37 36 29 
11 5 37 33 28 
11 5 37 36 34 32 28 
11 5 37 36 29 
11 5 37 36 31 27 
11 6 37 36 31 
11 6 37 33 30 
11 6 37 36 34 32 30 
11 6 37 36 29 8 
11 6 37 36 29 9 30 
11 7 37 33 
11 7 37 36 34 32 
11 7 37 36 29 8 11 
11 7 37 36 29 9 
11 7 37 36 31 27 9 
11 8 19 35 
11 8 37 36 34 
11 8 37 36 29 9 13 
11 8 37 36 31 11 13 
11 8 37 33 13 
11 9 37 36 
11 9 37 36 
11 9 37 33 13 15 
11 9 37 33 28 10 
11 9 37 33 28 8 12 
11 10 37 
11 10 37 
11 10 19 35 15 17 
11 10 19 35 32 14 
11 12 19 
11 12 37 36 34 16 
11 12 37 33 13 16 
11 12 19 
12 1 35 15 29 26 21 
12 1 35 32 28 26 21 
12 1 35 15 31 24 20 
12 1 35 32 30 24 20 
12 1 35 15 29 26 21 
12 2 35 15 31 24 
12 2 35 32 30 24 
12 2 35 15 29 26 22 
12 2 35 15 29 8 24 
12 2 35 15 31 24 
12 3 35 15 29 26 
12 3 35 32 28 26 
12 3 35 15 29 26 
12 3 35 15 31 24 3 
12 3 35 15 31 27 26 
12 4 35 15 29 26 6 
12 4 35 32 28 26 6 
12 4 35 15 31 24 4 
12 4 35 32 30 24 4 
12 4 35 15 29 26 6 
12 5 35 15 29 
12 5 35 32 28 
12 5 35 15 17 33 28 
12 5 35 15 29 
12 5 35 15 31 27 
12 6 35 15 31 
12 6 35 32 30 
12 6 35 15 17 33 30 
12 6 35 15 29 8 
12 6 35 15 29 9 30 
12 7 35 32 
12 7 35 15 17 33 
12 7 35 15 29 8 11 
12 7 35 15 29 9 
12 7 35 15 31 27 9 
12 8 35 
12 8 35 
12 8 38 37 36 34 
12 8 38 37 33 13 
12 9 35 15 
12 9 35 15 
12 9 35 32 14 36 
12 9 35 32 28 10 
12 9 35 32 28 8 12 
12 10 38 37 
12 10 35 15 17 
12 10 35 15 29 9 14 
12 10 35 15 31 11 14 
12 10 35 32 14 
12 11 38 
12 11 35 15 17 18 
12 11 35 32 14 18 
12 11 38 
