4 0 1 1620528 1 7 
2 0 1 2344258 2 8 9 
1 2 3 1064290 1 12 
7 3 5 2330187 2 12 1 
6 3 5 3787992 1 3 
11 4 5 23674002 2 1 9 
7 4 7 2632636 4 3 8 4 1 
6 5 7 2559153 2 12 2 
9 6 11 12052278 2 10 12 
10 6 7 3742124 4 7 8 3 6 
2 7 12 1909404 4 8 12 10 11 
11 7 8 287298 1 4 
7 7 8 2424190 2 4 11 
10 8 9 689398 1 9 
7 8 9 4719172 3 12 1 8 
12 9 10 4962588 4 10 2 8 5 
10 9 11 16858029 1 3 
4 10 12 5750784 4 7 2 5 11 
6 11 12 5583642 2 11 3 
4 11 15 5056295 4 9 8 11 7 
8 11 14 3573608 3 11 12 1 
10 12 14 2635632 4 7 8 5 3 
5 13 15 3875712 2 12 9 
1 13 19 11409811 4 12 2 6 4 
12 13 17 3718105 3 7 5 10 
6 13 20 11377960 1 3 
1 15 19 13755325 3 7 4 9 
6 16 19 7644868 4 7 2 5 10 
1 16 17 8793280 4 4 5 12 3 
12 17 22 10114782 1 1 
12 17 20 2257172 2 11 5 
1 17 18 1020652 4 2 4 11 9 
9 17 23 15250935 2 2 6 
7 17 20 22773516 1 12 
6 18 19 5380930 1 2 
5 19 24 48854586 3 6 12 10 
11 19 23 4129840 3 8 2 5 
5 19 21 19505994 4 6 9 3 8 
11 19 21 5882676 4 9 5 1 3 
12 20 23 2722100 4 8 4 3 6 
11 20 22 3514683 2 4 2 
2 21 22 863996 2 11 4 
11 21 22 3387522 3 7 9 12 
4 22 24 4013865 3 9 6 10 
7 23 28 36076770 3 5 3 10 
2 23 24 826492 1 6 
6 25 26 2924120 3 11 10 9 
2 25 28 8854100 3 11 5 7 
10 25 28 11992064 2 6 12 
2 26 27 7554884 1 4 
4 27 29 5774496 3 12 8 7 
12 27 28 6427642 2 4 6 
1 27 29 2327526 1 2 
12 27 29 141873 3 8 11 5 
3 29 29 721753 1 8 
3 29 29 3315834 3 2 10 5 
