12 1 4 2058048 7 8 11 2 5 6 4 9 
9 1 29 722411228 9 7 5 10 11 4 3 6 8 12 
2 3 7 298335985 7 8 6 7 10 5 12 3 
3 3 14 17972988 8 6 1 11 9 5 2 12 8 
2 3 15 18287529 7 3 1 9 6 4 10 5 
7 4 13 157015450 8 1 3 9 12 8 2 11 4 
4 4 11 113793264 8 6 9 2 10 1 5 11 12 
5 4 5 29335696 9 6 11 3 4 8 7 9 12 1 
10 5 9 88182010 9 12 9 3 1 2 6 5 11 8 
2 6 26 1411710783 8 5 10 6 3 4 1 11 12 
11 6 7 46010540 9 2 12 10 8 4 5 3 6 7 
3 6 7 18284854 7 9 5 8 11 2 10 6 
5 6 12 127327263 7 7 1 2 10 6 3 12 
7 6 11 17440662 9 9 11 6 10 5 2 12 8 4 
5 7 11 18581735 7 12 7 10 9 2 6 11 
8 8 9 163810716 9 4 2 1 7 12 9 5 6 11 
2 9 14 32674296 8 5 4 6 12 8 10 11 9 
8 9 16 396749696 9 9 1 3 11 6 2 10 12 7 
7 10 11 71079518 7 8 1 12 5 10 4 9 
2 11 13 54165123 7 4 7 1 9 8 10 3 
3 12 17 297346608 7 6 7 10 5 9 8 1 
10 12 13 29514438 8 8 6 12 11 4 5 7 3 
5 13 15 20450076 7 8 9 1 4 6 10 7 
1 13 14 12763672 9 4 3 2 7 12 6 10 8 9 
2 13 14 143639892 7 5 1 7 10 12 4 6 
2 14 21 2493264 9 8 1 3 4 6 5 10 11 7 
7 14 16 146759292 9 3 9 11 10 8 2 12 4 6 
12 14 19 21713058 7 4 9 11 5 3 1 7 
1 15 17 18813390 7 9 4 3 7 2 10 11 
5 16 19 6932560 8 3 11 2 7 10 12 4 8 
4 17 19 35009856 7 5 2 12 10 1 8 11 
