1
6 0 6 9445 7 11 3 7 2 9 8 1 
0
1
11 2 4 507 7 2 7 1 6 10 9 3 
2
6 3 7 3265 7 10 4 9 3 5 7 2 
5 3 7 7423 7 10 1 3 6 7 4 2 
1
12 4 5 6247 7 8 10 5 9 1 7 3 
1
8 5 14 25027 7 11 2 7 9 5 10 12 
1
8 6 14 9607 7 4 6 11 2 10 5 9 
0
0
2
10 9 10 3544 7 9 8 11 7 4 12 1 
6 9 19 19357 7 2 9 11 7 4 8 12 
2
9 10 16 4914 7 1 12 6 2 10 5 4 
12 10 14 987 7 7 6 1 4 5 11 2 
0
0
3
4 13 14 2886 7 9 1 8 6 10 11 3 
7 13 18 25344 7 12 8 2 5 9 6 1 
7 13 15 13096 7 8 4 3 2 5 6 9 
1
6 14 19 1159 7 12 4 1 8 3 10 5 
1
2 15 16 3884 7 7 3 6 1 9 12 11 
1
5 16 19 3562 7 3 4 7 2 8 12 9 
0
2
3 18 19 2335 7 2 11 6 4 7 12 10 
10 18 19 1979 7 6 9 1 8 12 2 3 
1
9 19 19 3573 7 8 4 1 5 2 11 12 
