1 0 100.00% 1.152981
2 0 100.00% 0.925657
2 1 66.67% 0.221651
3 1 75.00% 0.537536
3 2 60.00% 0.495026
3 3 50.00% 0.543799
3 4 42.86% 1.032830
4 4 50.00% 0.465387
5 4 55.56% 0.510131
6 4 60.00% 1.212992
6 5 54.55% 0.932287
6 6 50.00% 0.653615
6 7 46.15% 2.216059
6 8 42.86% 0.872948
7 8 46.67% 0.693313
8 8 50.00% 1.217991
8 9 47.06% 1.277672
9 9 50.00% 1.566341
9 10 47.37% 0.413934
9 11 45.00% 2.616099
9 12 42.86% 0.186622
9 13 40.91% 0.445749
10 13 43.48% 1.828644
10 14 41.67% 0.314038
10 15 40.00% 0.418739
11 15 42.31% 1.578546
11 16 40.74% 1.053344
11 17 39.29% 1.161036
11 18 37.93% 1.847691
12 18 40.00% 1.706753
12 19 38.71% 0.064300
13 19 40.62% 1.154791
13 20 39.39% 1.733617
13 21 38.24% 0.516619
13 22 37.14% 0.150163
13 23 36.11% 0.388620
13 24 35.14% 0.624905
13 25 34.21% 2.464069
14 25 35.90% 0.511448
14 26 35.00% 0.738368
15 26 36.59% 2.068409
16 26 38.10% 1.982623
17 26 39.53% 0.457343
18 26 40.91% 1.862668
18 27 40.00% 0.662687
18 28 39.13% 0.570417
19 28 40.43% 2.071430
19 29 39.58% 0.294119
20 29 40.82% 0.729526
20 30 40.00% 0.814371
20 31 39.22% 0.445429
21 31 40.38% 0.734278
21 32 39.62% 0.397151
21 33 38.89% 0.420267
22 33 40.00% 0.789987
22 34 39.29% 0.284221
22 35 38.60% 0.362715
22 36 37.93% 0.206885
22 37 37.29% 0.165715
23 37 38.33% 0.228086
