0
2
7 1 13 8210 7 1 4 11 9 3 6 8 
8 1 4 815 7 1 12 9 6 5 10 11 
1
2 2 3 4806 7 7 5 6 4 1 3 10 
1
9 3 4 1063 7 5 10 1 12 6 7 2 
1
11 4 11 36967 7 3 12 6 7 10 9 2 
1
10 5 10 22965 7 5 3 11 9 4 12 7 
1
5 6 10 11016 7 11 8 2 7 3 1 9 
1
6 7 10 1100 7 5 8 9 2 11 12 10 
0
2
5 9 11 2965 7 1 6 11 10 3 2 7 
2 9 18 8699 7 4 11 5 6 1 10 3 
1
1 10 14 4825 7 4 8 5 10 9 2 3 
0
1
3 12 14 3360 7 1 5 9 8 12 2 11 
1
5 13 35 70028 7 10 8 2 12 1 4 9 
1
9 14 17 8303 7 7 6 8 5 11 10 2 
2
1 15 19 3913 7 10 8 6 12 5 11 9 
2 15 22 1936 7 5 8 4 7 10 1 6 
1
3 16 22 15003 7 1 4 6 10 2 7 11 
1
11 17 27 7683 7 12 3 5 10 4 2 8 
1
9 18 21 8848 7 8 11 3 7 12 1 4 
1
11 19 44 68452 7 2 5 4 6 12 3 10 
0
1
6 21 23 15701 7 2 12 1 11 4 3 8 
0
1
11 23 35 101813 7 10 2 5 6 4 9 8 
1
11 24 45 8558 7 7 6 12 3 2 4 1 
2
10 25 27 6523 7 9 3 2 4 11 6 12 
10 25 28 8111 7 5 12 4 1 11 2 8 
1
1 26 33 9413 7 6 10 5 9 4 12 11 
1
12 27 37 23373 7 6 5 11 8 7 9 2 
1
4 28 38 30347 7 8 9 3 2 10 7 6 
1
9 29 38 15561 7 4 7 12 3 2 6 1 
1
11 30 39 8880 7 8 3 12 4 6 9 2 
1
11 31 32 3352 7 12 4 7 3 2 8 6 
2
4 32 46 4098 7 7 6 10 9 1 5 8 
4 32 59 97302 7 3 1 6 9 11 10 7 
1
5 33 49 96867 7 3 12 8 4 2 11 7 
0
2
6 35 39 31417 7 10 5 2 7 9 11 12 
4 35 40 28357 7 7 8 11 2 6 5 10 
0
1
9 37 42 19279 7 11 12 3 1 4 8 2 
1
9 38 52 46546 7 12 4 8 7 6 3 10 
2
9 39 46 1734 7 1 11 6 8 3 4 5 
2 39 42 6783 7 12 4 7 11 5 6 10 
1
5 40 49 21176 7 8 7 3 12 4 6 2 
0
2
11 42 50 3924 7 10 12 4 5 3 9 8 
11 42 43 458 7 10 9 3 4 2 1 6 
1
7 43 58 2934 7 9 12 11 10 5 2 3 
1
10 44 54 37918 7 8 2 3 12 7 4 11 
1
9 45 53 30064 7 8 7 2 3 4 12 10 
0
0
2
6 48 58 18419 7 5 1 2 7 4 9 8 
7 48 57 39706 7 10 5 12 11 6 1 3 
2
9 49 52 735 7 4 5 11 12 2 8 6 
10 49 54 6183 7 4 5 9 12 3 2 1 
1
3 50 53 13496 7 2 1 8 5 11 10 6 
1
7 51 54 1938 7 1 5 8 2 11 9 12 
1
1 52 53 872 7 4 6 7 9 2 11 10 
0
2
9 54 59 35073 7 4 5 12 8 3 7 1 
3 54 57 1140 7 6 2 7 10 5 1 9 
1
11 55 58 14680 7 4 2 10 7 5 12 9 
1
10 56 57 3465 7 11 7 4 8 5 2 6 
1
11 57 59 15942 7 3 4 8 5 10 7 12 
1
9 58 59 8839 7 2 5 1 3 7 6 12 
1
3 59 59 495 7 12 6 5 7 2 8 9 
