0 1 0.00% 67.870968
1 1 50.00% 26.140370
2 1 66.67% 57.280252
2 2 50.00% 14.955188
2 3 40.00% 20.886168
2 4 33.33% 18.358437
3 4 42.86% 49.700698
3 5 37.50% 20.512887
3 6 33.33% 58.876627
3 7 30.00% 65.818671
4 7 36.36% 94.289021
5 7 41.67% 9.007654
5 8 38.46% 64.825250
6 8 42.86% 46.292180
6 9 40.00% 51.348160
6 10 37.50% 36.952655
6 11 35.29% 27.475340
7 11 38.89% 28.823423
8 11 42.11% 29.019450
9 11 45.00% 14.766376
9 12 42.86% 17.809920
9 13 40.91% 31.684710
9 14 39.13% 18.953661
9 15 37.50% 6.106468
9 16 36.00% 42.178129
9 17 34.62% 11.669942
10 17 37.04% 23.323977
11 17 39.29% 9.256674
11 18 37.93% 14.912633
11 19 36.67% 9.067130
11 20 35.48% 30.614008
11 21 34.38% 6.303527
11 22 33.33% 18.761428
12 22 35.29% 12.153196
12 23 34.29% 13.052480
13 23 36.11% 6.880341
13 24 35.14% 12.641155
14 24 36.84% 5.961219
14 25 35.90% 6.127388
15 25 37.50% 3.118914
