0 1 0.00% 13.476687
0 2 0.00% 7.566534
1 2 33.33% 15.470955
1 3 25.00% 4.708913
1 4 20.00% 6.886543
1 5 16.67% 5.466898
1 6 14.29% 15.227554
2 6 25.00% 6.491903
2 7 22.22% 17.706404
3 7 30.00% 19.244872
4 7 36.36% 27.918673
4 8 33.33% 2.700701
4 9 30.77% 19.934196
4 10 28.57% 14.882270
4 11 26.67% 16.795092
4 12 25.00% 11.414081
4 13 23.53% 8.683509
5 13 27.78% 8.192158
5 14 26.32% 8.461625
5 15 25.00% 4.920098
5 16 23.81% 5.959519
5 17 22.73% 9.244227
5 18 21.74% 6.126997
5 19 20.83% 1.794260
5 20 20.00% 13.356746
5 21 19.23% 3.752589
6 21 22.22% 6.732386
6 22 21.43% 2.687467
6 23 20.69% 5.028267
6 24 20.00% 2.905055
7 24 22.58% 10.004115
7 25 21.88% 1.837842
7 26 21.21% 5.599245
8 26 23.53% 3.727061
8 27 22.86% 3.839507
9 27 25.00% 2.070500
9 28 24.32% 3.576320
10 28 26.32% 1.791793
10 29 25.64% 1.834649
10 30 25.00% 0.957977
