1
6 0 13 46466 4 10 8 1 7 
0
2
12 2 9 12337 4 10 7 5 9 
7 2 18 29478 4 10 4 5 8 
1
7 3 7 7735 4 11 6 2 5 
0
2
3 5 11 30508 4 7 12 10 2 
6 5 10 16515 4 1 4 10 3 
0
1
10 7 22 14027 4 12 7 6 1 
0
2
3 9 15 2489 4 2 5 6 10 
6 9 26 68540 4 4 10 7 11 
2
7 10 28 29334 4 12 10 8 4 
6 10 37 14372 4 5 9 4 12 
0
2
4 12 14 63 4 10 6 7 12 
9 12 31 76310 4 3 11 4 2 
1
4 13 27 8335 4 11 8 3 10 
1
5 14 29 18856 4 1 9 3 6 
0
1
8 16 27 78919 4 12 10 5 9 
1
3 17 25 7496 4 12 6 4 7 
1
6 18 26 863 4 5 12 9 4 
1
7 19 27 6621 4 1 11 9 3 
0
2
7 21 25 2548 4 9 3 5 11 
1 21 26 3383 4 2 5 12 11 
1
9 22 31 22170 4 6 4 10 5 
1
10 23 28 13015 4 7 5 12 6 
2
2 24 25 5219 4 9 5 7 8 
2 24 37 44004 4 12 4 5 7 
1
3 25 28 13043 4 5 4 1 2 
0
2
7 27 33 11648 4 2 3 10 12 
3 27 29 2898 4 8 7 9 12 
1
4 28 32 16126 4 3 8 1 10 
0
2
12 30 32 3547 4 6 10 1 7 
5 30 39 7032 4 11 10 9 1 
1
7 31 32 1310 4 9 4 5 8 
1
9 32 37 24939 4 2 12 4 5 
0
2
10 34 37 934 4 7 6 4 5 
12 34 37 9906 4 6 3 2 10 
0
2
2 36 37 548 4 11 4 9 3 
10 36 39 10702 4 6 7 3 4 
1
4 37 38 1090 4 1 9 3 12 
1
12 38 39 8238 4 7 8 5 11 
1
5 39 39 736 4 11 7 6 12 
