0
4
7 1 8 764 4 5 9 3 8 
11 1 3 3451 4 10 1 3 9 
9 1 18 38611 4 5 2 10 12 
5 1 11 7969 4 3 8 6 11 
2
6 2 10 14071 4 11 3 7 10 
1 2 3 5782 4 11 3 2 6 
2
8 3 7 2431 4 10 5 7 2 
5 3 7 19302 4 3 6 11 4 
0
0
4
5 6 16 4181 4 8 10 6 12 
7 6 7 248 4 10 3 11 8 
10 6 15 4251 4 4 6 2 1 
10 6 8 4455 4 5 12 6 8 
0
4
2 8 13 7288 4 1 10 4 5 
6 8 11 19718 4 1 11 3 8 
3 8 12 1033 4 2 1 12 4 
5 8 11 2783 4 6 10 8 4 
2
1 9 10 2115 4 11 3 10 6 
9 9 17 15157 4 1 5 11 8 
2
12 10 13 1977 4 5 6 1 4 
9 10 13 371 4 10 8 4 7 
4
11 11 14 30234 4 3 1 8 4 
11 11 12 3730 4 8 10 12 1 
9 11 15 3141 4 6 10 3 4 
10 11 12 4980 4 4 9 3 1 
2
1 12 16 9290 4 3 12 9 7 
8 12 17 12719 4 9 3 1 2 
2
6 13 14 5387 4 8 10 2 11 
5 13 18 15276 4 4 11 3 2 
2
6 14 15 1293 4 5 10 8 11 
10 14 18 7305 4 3 1 5 6 
2
11 15 17 2349 4 8 6 2 5 
7 15 18 15459 4 3 11 2 10 
2
7 16 18 14718 4 12 9 4 11 
5 16 17 3063 4 10 11 4 6 
2
1 17 18 13670 4 4 5 11 8 
7 17 18 10499 4 3 5 11 12 
0
4
5 19 19 211 4 3 2 8 1 
8 19 19 77 4 5 2 6 12 
2 19 19 10145 4 1 12 9 5 
12 19 19 559 4 2 7 10 9 
