1
5 0 3 154125 15 24 35 22 12 1 6 7 14 23 27 11 9 34 39 40 
0
0
2
33 3 4 172099 15 1 15 38 11 10 19 24 27 23 18 9 21 7 37 6 
21 3 17 7942636 15 6 22 32 27 19 1 30 14 28 11 35 10 18 37 40 
1
13 4 6 95457 15 29 33 16 28 12 36 20 24 37 11 27 39 2 10 14 
2
26 5 8 985757 15 13 2 4 34 7 33 28 31 11 5 3 10 36 27 35 
3 5 9 2525054 15 33 25 35 7 14 26 30 16 36 5 23 15 28 38 1 
0
1
11 7 14 2028070 15 36 35 40 13 22 19 37 34 14 2 3 25 29 39 31 
2
3 8 12 492348 15 7 6 27 38 13 19 10 20 21 23 1 5 35 39 37 
18 8 19 1917243 15 7 19 3 25 6 1 32 17 26 14 35 24 9 40 34 
1
28 9 13 1109036 15 27 9 32 18 21 20 7 6 23 38 34 3 33 37 26 
0
0
2
24 12 16 1262051 15 31 23 30 25 36 16 29 28 15 7 11 12 22 10 17 
35 12 13 949449 15 33 3 9 26 1 13 20 14 30 21 36 10 37 8 31 
1
39 13 15 564564 15 8 28 27 37 29 5 2 31 26 4 38 16 18 10 9 
2
7 14 18 374977 15 10 6 8 3 36 13 35 12 2 30 17 39 15 23 40 
38 14 17 689011 15 34 37 25 19 24 7 23 3 6 13 20 32 11 21 16 
1
14 15 19 1141676 15 39 7 15 25 29 23 3 33 10 21 31 32 6 20 30 
1
20 16 17 18535 15 3 24 8 13 37 10 9 6 32 30 4 12 36 5 39 
0
2
18 18 19 167012 15 38 5 28 2 23 30 40 26 19 8 1 25 35 3 21 
3 18 19 65174 15 25 27 19 5 10 24 33 26 15 2 36 23 8 34 29 
1
12 19 19 250877 15 18 34 7 2 10 19 14 37 33 8 20 15 4 40 6 
