0 1 0.00% 8.490895
1 1 50.00% 35.058776
1 2 33.33% 16.980546
1 3 25.00% 12.641696
1 4 20.00% 30.954233
1 5 16.67% 6.434758
2 5 28.57% 2.113638
2 6 25.00% 3.177790
2 7 22.22% 13.703832
2 8 20.00% 19.011102
3 8 27.27% 4.211355
4 8 33.33% 7.360812
5 8 38.46% 5.713153
5 9 35.71% 2.418447
5 10 33.33% 3.561227
5 11 31.25% 19.214320
5 12 29.41% 9.592601
5 13 27.78% 4.240093
6 13 31.58% 5.329617
6 14 30.00% 2.503915
6 15 28.57% 7.876435
6 16 27.27% 8.662555
6 17 26.09% 2.188867
7 17 29.17% 8.885158
8 17 32.00% 11.767382
9 17 34.62% 6.867113
9 18 33.33% 11.383330
9 19 32.14% 5.180725
9 20 31.03% 6.729609
10 20 33.33% 10.703631
10 21 32.26% 7.850022
11 21 34.38% 9.876007
11 22 33.33% 4.081177
11 23 32.35% 6.044342
11 24 31.43% 8.065630
12 24 33.33% 3.918414
12 25 32.43% 2.382493
12 26 31.58% 2.390920
13 26 33.33% 2.305227
