0 1 0.00% 0.411115
1 1 50.00% 1.879802
1 2 33.33% 1.284611
1 3 25.00% 0.249727
2 3 40.00% 1.315502
2 4 33.33% 0.157925
2 5 28.57% 0.154524
2 6 25.00% 0.091098
2 7 22.22% 1.279210
2 8 20.00% 0.606678
3 8 27.27% 0.435970
3 9 25.00% 0.405216
4 9 30.77% 0.607007
4 10 28.57% 0.113245
4 11 26.67% 0.308785
4 12 25.00% 1.885447
5 12 29.41% 0.765192
5 13 27.78% 0.114720
5 14 26.32% 0.426251
5 15 25.00% 0.187654
5 16 23.81% 0.595986
6 16 27.27% 0.247655
7 16 30.43% 0.250102
8 16 33.33% 0.364678
9 16 36.00% 0.491888
10 16 38.46% 0.322553
11 16 40.74% 0.785381
11 17 39.29% 0.288312
11 18 37.93% 0.216933
12 18 40.00% 0.810728
12 19 38.71% 0.378657
13 19 40.62% 0.240490
13 20 39.39% 0.303089
13 21 38.24% 0.433626
14 21 40.00% 1.500025
15 21 41.67% 0.190433
16 21 43.24% 0.253092
16 22 42.11% 0.053227
17 22 43.59% 0.201148
