0
2
5 1 8 36492 5 9 1 12 2 3 
2 1 33 38352 5 1 8 7 4 11 
1
11 2 17 25148 5 9 10 8 6 12 
1
11 3 14 24664 5 9 7 4 5 3 
1
10 4 32 10962 5 6 2 8 5 3 
1
11 5 10 19314 5 10 3 9 4 5 
1
9 6 7 2214 5 11 4 6 2 8 
1
9 7 9 10740 5 8 2 10 6 1 
0
1
3 9 21 8151 5 12 5 9 7 4 
1
1 10 27 65878 5 7 10 5 11 12 
1
7 11 14 3309 5 3 2 12 9 6 
1
1 12 17 1362 5 8 7 10 11 2 
1
8 13 17 5 5 4 10 11 3 7 
2
12 14 15 4895 5 11 5 8 2 1 
1 14 16 1181 5 3 5 4 7 8 
0
0
1
2 17 34 32918 5 4 12 8 6 11 
3
7 18 26 15974 5 11 8 6 10 3 
4 18 21 31554 5 7 6 3 8 2 
8 18 22 4541 5 11 3 10 1 9 
1
11 19 20 2459 5 5 12 7 2 10 
1
10 20 26 3792 5 2 12 3 7 9 
0
0
2
10 23 30 1275 5 5 6 4 2 12 
12 23 24 237 5 10 3 2 7 4 
1
12 24 31 3234 5 9 5 7 10 4 
1
5 25 34 5918 5 3 2 9 8 1 
2
10 26 31 1948 5 1 5 7 3 9 
11 26 34 10865 5 4 9 1 10 3 
1
7 27 30 6784 5 8 4 12 1 9 
1
1 28 32 20994 5 6 5 11 2 9 
1
8 29 38 9021 5 2 12 10 7 5 
1
8 30 36 7497 5 5 3 2 9 4 
1
1 31 37 2097 5 5 3 9 12 10 
0
1
3 33 35 7720 5 7 4 2 10 9 
2
6 34 38 12465 5 3 1 11 12 9 
1 34 39 3376 5 10 7 12 6 5 
0
1
5 36 38 972 5 12 9 7 10 11 
1
3 37 38 3127 5 7 10 8 6 1 
2
10 38 39 15700 5 11 12 7 5 6 
5 38 39 59 5 3 9 2 1 11 
0
