1
12 0 1 1266 7 3 10 6 8 7 4 1 
1
7 1 8 47517 7 1 6 4 9 2 12 3 
1
3 2 9 21648 7 8 6 12 1 4 2 10 
0
0
2
4 5 8 8071 7 2 9 3 10 6 8 7 
4 5 14 21241 7 1 12 7 6 11 10 9 
2
6 6 14 21078 7 9 11 8 1 12 2 3 
10 6 22 7031 7 12 6 7 4 2 9 8 
1
12 7 10 26839 7 11 4 1 3 9 5 8 
1
5 8 16 7296 7 9 7 3 6 1 4 11 
0
2
11 10 17 24510 7 9 3 5 4 2 7 12 
2 10 33 23028 7 1 8 6 4 9 11 7 
1
3 11 25 12372 7 11 2 1 12 7 6 10 
1
7 12 22 19883 7 2 5 1 12 4 10 11 
1
7 13 22 37574 7 3 2 6 8 12 4 11 
0
1
2 15 35 29137 7 9 10 5 7 8 4 12 
2
12 16 25 3431 7 10 7 9 2 4 1 8 
3 16 30 36715 7 4 6 7 5 2 1 12 
1
4 17 23 1276 7 3 12 5 9 10 8 7 
0
0
2
3 20 26 1143 7 6 1 8 7 12 10 5 
9 20 22 12158 7 3 7 12 4 5 6 1 
1
8 21 25 3790 7 5 4 1 9 11 10 2 
1
11 22 33 21795 7 8 3 6 5 12 4 1 
1
11 23 24 181 7 12 4 8 1 6 5 9 
0
1
6 25 34 19447 7 10 12 9 8 7 3 2 
2
8 26 30 14048 7 2 10 1 3 7 5 6 
4 26 31 5070 7 11 5 8 7 10 3 1 
2
6 27 32 15965 7 5 3 12 7 9 8 1 
2 27 30 14291 7 5 12 3 11 8 1 4 
0
2
5 29 33 5864 7 2 3 11 7 1 9 12 
10 29 30 10123 7 3 9 12 4 5 1 6 
1
10 30 33 40967 7 4 1 9 6 11 12 5 
0
1
8 32 39 3817 7 7 11 2 10 4 5 1 
0
0
4
10 35 37 6322 7 4 12 8 5 1 9 3 
6 35 39 3260 7 3 9 2 5 4 8 11 
2 35 38 1787 7 6 5 12 7 4 11 1 
12 35 37 1025 7 7 11 8 1 5 9 6 
1
4 36 37 1037 7 10 9 8 6 12 3 11 
0
1
3 38 39 1196 7 6 8 7 1 5 2 4 
1
9 39 39 1584 7 4 6 11 10 12 2 3 
