1 0 100.00% 18.681364
1 1 50.00% 17.897835
1 2 33.33% 16.932668
1 3 25.00% 10.575185
1 4 20.00% 7.575897
2 4 33.33% 1.749654
2 5 28.57% 11.926150
2 6 25.00% 6.777277
3 6 33.33% 8.450805
4 6 40.00% 12.829396
4 7 36.36% 32.228753
5 7 41.67% 20.223991
5 8 38.46% 9.508624
5 9 35.71% 4.223925
5 10 33.33% 27.074856
5 11 31.25% 27.275270
5 12 29.41% 21.827379
5 13 27.78% 3.813596
6 13 31.58% 29.727252
6 14 30.00% 8.455280
6 15 28.57% 11.130255
6 16 27.27% 22.100278
7 16 30.43% 6.498829
7 17 29.17% 6.461562
7 18 28.00% 19.613450
7 19 26.92% 16.972927
7 20 25.93% 9.307138
7 21 25.00% 1.737038
7 22 24.14% 5.110900
7 23 23.33% 13.503770
