1 0 100.00% 0.900704
2 0 100.00% 0.966266
3 0 100.00% 0.882571
3 1 75.00% 0.395267
3 2 60.00% 0.130790
3 3 50.00% 0.096307
3 4 42.86% 0.227249
3 5 37.50% 0.122767
4 5 44.44% 0.507572
5 5 50.00% 0.692937
6 5 54.55% 0.945143
6 6 50.00% 1.027183
6 7 46.15% 0.319684
6 8 42.86% 0.149664
7 8 46.67% 1.321477
8 8 50.00% 1.573524
9 8 52.94% 0.986719
9 9 50.00% 0.073332
9 10 47.37% 1.547383
9 11 45.00% 0.133771
9 12 42.86% 0.346603
10 12 45.45% 1.269139
10 13 43.48% 0.403065
10 14 41.67% 0.107843
10 15 40.00% 0.332166
10 16 38.46% 0.293739
10 17 37.04% 0.188650
10 18 35.71% 0.032582
10 19 34.48% 0.094554
10 20 33.33% 0.279047
10 21 32.26% 0.047797
11 21 34.38% 0.966106
11 22 33.33% 0.316370
11 23 32.35% 0.915561
11 24 31.43% 0.112420
11 25 30.56% 0.071335
11 26 29.73% 0.096477
11 27 28.95% 0.577387
11 28 28.21% 0.233305
11 29 27.50% 0.104370
11 30 26.83% 0.235725
12 30 28.57% 0.402664
12 31 27.91% 0.195493
12 32 27.27% 0.366268
13 32 28.89% 0.397274
13 33 28.26% 0.034764
13 34 27.66% 0.186398
13 35 27.08% 0.216946
13 36 26.53% 0.151033
14 36 28.00% 0.175805
14 37 27.45% 0.071695
15 37 28.85% 0.210978
15 38 28.30% 0.143954
16 38 29.63% 0.128926
17 38 30.91% 0.132504
18 38 32.14% 0.117001
19 38 33.33% 0.152708
20 38 34.48% 0.129193
20 39 33.90% 0.048709
21 39 35.00% 0.072866
