1 0 100.00% 73.410458
2 0 100.00% 65.325869
3 0 100.00% 62.616785
3 1 75.00% 35.227114
3 2 60.00% 28.415246
3 3 50.00% 5.625225
3 4 42.86% 41.312725
3 5 37.50% 22.794384
3 6 33.33% 28.712688
4 6 40.00% 44.615736
4 7 36.36% 136.582005
5 7 41.67% 76.162312
5 8 38.46% 31.844652
5 9 35.71% 14.111542
5 10 33.33% 108.823369
5 11 31.25% 109.514545
6 11 35.29% 72.686859
6 12 33.33% 11.606962
6 13 31.58% 114.224993
6 14 30.00% 27.181941
6 15 28.57% 37.154150
7 15 31.82% 80.045733
7 16 30.43% 20.764804
7 17 29.17% 20.834868
7 18 28.00% 74.088969
7 19 26.92% 66.696290
7 20 25.93% 32.093178
7 21 25.00% 5.606436
8 21 27.59% 17.119382
8 22 26.67% 47.856707
