1 0 100.00% 5.590565
2 0 100.00% 5.620716
3 2 60.00% 2.779457
3 3 50.00% 5.622566
3 5 37.50% 5.528184
4 5 44.44% 5.561184
5 5 50.00% 2.785860
6 5 54.55% 5.565985
7 5 58.33% 5.533034
7 7 50.00% 2.791150
8 7 53.33% 5.542612
8 8 50.00% 5.526932
8 9 47.06% 2.776862
8 10 44.44% 5.551608
8 12 40.00% 2.779611
9 13 40.91% 5.502162
10 14 41.67% 2.780977
10 15 40.00% 2.761866
10 17 37.04% 2.809989
10 18 35.71% 5.798241
10 19 34.48% 6.095895
10 20 33.33% 7.245274
10 21 32.26% 2.966420
10 22 31.25% 5.778601
10 23 30.30% 2.882429
10 24 29.41% 5.743667
10 25 28.57% 2.983708
10 26 27.78% 5.828382
10 27 27.03% 5.753232
10 29 25.64% 5.810799
10 30 25.00% 2.958648
10 31 24.39% 5.848966
10 32 23.81% 3.001165
10 33 23.26% 5.740728
10 35 22.22% 5.992667
10 36 21.74% 6.423622
10 39 20.41% 5.809741
11 39 22.00% 5.754375
11 40 21.57% 5.781877
11 41 21.15% 5.880068
12 42 22.22% 5.797320
12 43 21.82% 5.818235
12 45 21.05% 2.892214
12 46 20.69% 5.748949
12 48 20.00% 2.827882
