1
7 0 21 50578 4 5 2 10 11 
1
9 1 21 11955 4 7 3 12 2 
0
0
3
5 4 23 18614 4 9 10 11 4 
1 4 15 35474 4 8 11 2 6 
5 4 12 30024 4 3 6 7 12 
1
11 5 6 42 4 2 4 8 7 
0
2
1 7 20 137083 4 4 2 8 12 
10 7 14 26023 4 2 8 12 1 
1
12 8 17 1005 4 4 2 7 11 
1
1 9 23 4597 4 8 2 4 11 
0
1
5 11 48 31692 4 11 9 8 12 
1
6 12 35 20805 4 5 11 9 7 
2
4 13 23 27117 4 11 9 6 12 
9 13 17 6031 4 12 3 10 8 
1
10 14 45 27504 4 11 1 4 5 
1
4 15 46 53801 4 9 8 3 2 
0
1
7 17 39 5685 4 11 5 4 8 
0
1
4 19 22 4825 4 6 10 11 3 
2
8 20 51 53305 4 2 9 6 3 
5 20 28 7632 4 7 4 3 11 
2
6 21 32 20889 4 5 2 12 11 
2 21 44 2810 4 11 10 1 4 
0
0
2
3 24 30 154 4 4 2 10 6 
6 24 30 33420 4 12 11 2 1 
1
12 25 45 82261 4 8 9 1 3 
2
6 26 45 129486 4 10 5 7 3 
9 26 36 33754 4 1 2 5 8 
1
2 27 28 7357 4 12 11 5 6 
1
10 28 33 7948 4 2 5 7 4 
1
11 29 44 35929 4 6 4 9 3 
1
11 30 32 16626 4 7 8 4 3 
1
8 31 54 28917 4 9 3 7 11 
1
11 32 50 88270 4 8 4 9 5 
1
6 33 50 19189 4 3 12 8 1 
0
1
2 35 41 19175 4 7 10 6 11 
1
11 36 39 8394 4 4 7 9 2 
1
8 37 42 6792 4 3 9 4 10 
2
3 38 55 127125 4 12 4 1 2 
12 38 51 28411 4 5 2 4 11 
1
3 39 41 6049 4 8 4 7 10 
1
2 40 47 20247 4 5 6 8 11 
0
1
12 42 50 5309 4 4 7 8 5 
1
2 43 48 13296 4 11 8 1 7 
0
2
4 45 50 5585 4 10 12 9 11 
5 45 54 10678 4 9 12 1 10 
0
1
7 47 48 8536 4 5 1 4 11 
3
7 48 51 4565 4 6 11 3 4 
1 48 59 75906 4 2 12 8 11 
2 48 55 38400 4 9 10 1 8 
0
1
5 50 57 4760 4 2 11 6 7 
1
3 51 52 10020 4 9 5 4 7 
1
8 52 57 6598 4 4 10 7 9 
2
6 53 55 9037 4 8 1 11 9 
2 53 59 1589 4 6 12 5 11 
1
10 54 55 2530 4 6 9 12 5 
0
2
3 56 57 2040 4 10 4 5 1 
1 56 58 2144 4 2 3 10 8 
1
12 57 58 2671 4 3 7 2 6 
0
2
12 59 59 2619 4 1 6 8 5 
12 59 59 590 4 6 7 2 10 
