1
18 0 3 870706 19 1 10 16 5 20 15 17 2 4 3 6 8 9 12 13 14 19 11 7 
1
13 1 6 3035063 19 5 14 15 10 19 6 2 11 9 7 16 3 18 17 12 4 1 8 20 
0
2
9 3 5 1306052 19 12 3 4 20 2 13 11 7 10 14 8 19 16 6 15 18 17 5 1 
2 3 4 612456 19 3 17 8 16 1 5 13 6 15 10 12 4 7 19 20 14 11 18 9 
0
0
1
3 6 10 356424 19 14 18 11 1 9 16 12 4 17 2 19 6 13 15 10 8 7 20 5 
2
8 7 17 3060329 19 12 10 7 20 3 11 6 1 15 5 14 19 2 4 13 16 17 9 18 
10 7 17 1430476 19 9 4 15 17 18 2 16 5 1 6 14 20 7 8 13 12 3 11 19 
1
1 8 14 463303 19 9 15 2 10 8 16 19 17 5 4 13 20 3 18 6 12 14 7 11 
2
14 9 13 195894 19 5 10 3 8 12 6 15 13 2 11 17 9 1 7 18 20 19 16 4 
6 9 12 447432 19 9 11 1 18 15 17 8 20 13 5 10 19 16 12 14 3 7 4 2 
1
5 10 15 819287 19 10 18 8 20 14 4 2 6 9 15 1 13 7 12 17 3 11 16 19 
1
7 11 17 417263 19 14 3 12 20 15 18 6 17 8 9 5 11 4 2 19 16 13 10 1 
1
15 12 15 145303 19 12 17 16 4 10 7 20 14 5 2 1 9 6 3 13 19 8 11 18 
0
1
19 14 17 458283 19 5 9 18 10 13 20 1 8 2 16 6 11 4 17 12 15 3 14 7 
2
18 15 17 3633444 19 3 10 5 7 4 9 17 11 19 16 13 15 14 6 1 8 12 20 2 
19 15 19 3588636 19 8 16 18 5 20 9 13 2 15 3 6 7 17 14 10 1 4 11 12 
1
11 16 19 17890 19 19 12 6 2 13 7 18 10 3 9 15 17 5 8 4 16 14 20 1 
1
15 17 19 3213498 19 4 13 8 7 14 16 9 3 6 20 11 2 17 18 1 12 19 10 5 
1
12 18 19 1212522 19 3 1 13 8 6 14 4 16 5 19 11 2 7 15 17 20 10 18 9 
0
