1
8 0 5 3081 11 7 2 9 12 1 11 10 5 3 6 4 
0
1
10 2 4 3481 11 1 6 9 5 12 2 11 4 7 3 8 
1
8 3 18 10752 11 6 2 4 1 12 7 3 11 10 5 9 
2
9 4 6 3689 11 2 8 7 1 6 3 5 11 4 12 10 
10 4 9 19758 11 7 6 4 2 11 5 1 3 9 12 8 
1
12 5 10 2266 11 5 6 2 8 10 3 9 11 4 7 1 
1
1 6 9 3201 11 9 7 4 11 10 5 6 2 12 3 8 
0
1
2 8 15 8023 11 8 10 4 7 3 6 5 11 1 12 9 
2
3 9 12 12121 11 5 6 9 8 1 7 11 2 12 10 4 
12 9 10 204 11 6 11 4 10 1 9 2 7 3 8 5 
0
1
9 11 17 17997 11 6 4 12 8 5 7 1 11 2 10 3 
1
5 12 17 18671 11 3 2 4 8 1 11 6 9 7 12 10 
1
11 13 14 6132 11 3 10 7 2 5 12 1 4 6 8 9 
1
11 14 17 18410 11 1 6 8 2 7 12 10 4 3 5 9 
2
6 15 17 1883 11 10 5 8 12 11 9 4 2 7 3 1 
3 15 17 18174 11 1 9 4 11 10 7 12 5 6 8 2 
1
5 16 17 1872 11 4 2 3 1 12 6 11 10 7 9 8 
1
7 17 18 15118 11 5 4 9 1 8 10 11 12 6 3 2 
0
1
11 19 19 4776 11 2 9 6 8 7 10 4 1 5 12 3 
