1 0 100.00% 25.946014
2 0 100.00% 83.091883
2 1 66.67% 36.296459
3 1 75.00% 10.512248
4 1 80.00% 52.106841
5 1 83.33% 36.431849
6 1 85.71% 10.571199
7 1 87.50% 21.278120
8 1 88.89% 21.901154
9 1 90.00% 20.874091
10 1 90.91% 172.404520
11 1 91.67% 112.873548
12 1 92.31% 10.725375
13 1 92.86% 200.642134
14 1 93.33% 32.555816
15 1 93.75% 174.958105
16 1 94.12% 12.398861
17 1 94.44% 49.109629
18 1 94.74% 27.087724
19 1 95.00% 87.203977
20 1 95.24% 50.675500
21 1 95.45% 29.409229
22 1 95.65% 53.844055
23 1 95.83% 125.820942
24 1 96.00% 77.181380
25 1 96.15% 45.065251
26 1 96.30% 38.591554
27 1 96.43% 22.388889
28 1 96.55% 64.271240
29 1 96.67% 153.705528
29 2 93.55% 26.940490
30 2 93.75% 31.666192
31 2 93.94% 66.029586
32 2 94.12% 122.783143
33 2 94.29% 22.207731
34 2 94.44% 53.553676
35 2 94.59% 43.030444
36 2 94.74% 16.220840
37 2 94.87% 10.707286
38 2 95.00% 62.054271
39 2 95.12% 41.841108
40 2 95.24% 56.477029
41 2 95.35% 48.646211
42 2 95.45% 69.909210
43 2 95.56% 69.780694
44 2 95.65% 16.175835
45 2 95.74% 10.746383
46 2 95.83% 32.340452
47 2 95.92% 37.683497
48 2 96.00% 48.589185
49 2 96.08% 32.263645
50 2 96.15% 26.922475
51 2 96.23% 28.415381
52 2 96.30% 16.208050
53 2 96.36% 21.561953
54 2 96.43% 16.236256
55 2 96.49% 16.157917
56 2 96.55% 10.767855
57 2 96.61% 10.646529
