1 0 100.00% 0.114639
2 0 100.00% 0.193787
3 0 100.00% 0.183747
4 0 100.00% 0.093641
5 0 100.00% 0.147106
6 0 100.00% 0.132660
7 0 100.00% 0.106818
8 0 100.00% 0.094434
9 0 100.00% 0.102433
10 0 100.00% 0.105809
11 0 100.00% 0.150178
12 0 100.00% 0.185921
13 0 100.00% 0.098485
14 0 100.00% 0.202967
15 0 100.00% 0.125707
16 0 100.00% 0.128860
17 0 100.00% 0.116406
18 0 100.00% 0.112991
19 0 100.00% 0.113586
20 0 100.00% 0.189918
21 0 100.00% 0.114697
22 0 100.00% 0.110262
23 0 100.00% 0.118686
24 0 100.00% 0.272235
25 0 100.00% 0.113593
26 0 100.00% 0.118962
27 0 100.00% 0.159710
28 0 100.00% 0.155963
29 0 100.00% 0.122086
30 0 100.00% 0.244380
31 0 100.00% 0.128671
32 0 100.00% 0.122177
33 0 100.00% 0.123463
34 0 100.00% 0.126310
35 0 100.00% 0.113486
36 0 100.00% 0.193526
37 0 100.00% 0.219205
38 0 100.00% 0.121633
39 0 100.00% 0.117719
40 0 100.00% 0.125231
41 0 100.00% 0.126161
42 0 100.00% 0.134129
43 0 100.00% 0.128993
44 0 100.00% 0.171705
45 0 100.00% 0.165044
46 0 100.00% 0.132228
47 0 100.00% 0.138667
48 0 100.00% 0.142439
49 0 100.00% 0.125185
50 0 100.00% 0.130765
51 0 100.00% 0.137539
52 0 100.00% 0.129524
53 0 100.00% 0.136228
54 0 100.00% 0.138800
55 0 100.00% 0.127636
56 0 100.00% 0.125224
57 0 100.00% 0.133892
58 0 100.00% 0.133588
59 0 100.00% 0.137416
