1 0 100.00% 20.969561
3 0 100.00% 20.966666
4 0 100.00% 21.080602
6 0 100.00% 21.558865
7 0 100.00% 20.973398
8 0 100.00% 21.224095
9 0 100.00% 20.876236
10 0 100.00% 20.927933
11 0 100.00% 20.927432
13 0 100.00% 22.655032
14 0 100.00% 21.434701
15 0 100.00% 20.931686
16 0 100.00% 20.859294
18 0 100.00% 20.881151
19 0 100.00% 25.566598
20 0 100.00% 22.387410
22 0 100.00% 22.370188
23 0 100.00% 21.618352
25 0 100.00% 21.626498
26 0 100.00% 21.716951
27 0 100.00% 21.757766
27 1 96.43% 27.242480
29 1 96.67% 20.478250
31 1 96.88% 22.870287
32 1 96.97% 23.387611
33 1 97.06% 20.479906
36 1 97.30% 19.645251
37 1 97.37% 19.639940
38 1 97.44% 19.623312
39 1 97.50% 19.690775
41 1 97.62% 19.658656
43 1 97.73% 19.691734
44 1 97.78% 19.655169
45 1 97.83% 19.640738
46 1 97.87% 19.668557
48 1 97.96% 19.727700
50 1 98.04% 19.778760
51 1 98.08% 19.770354
52 1 98.11% 19.629815
53 1 98.15% 20.863305
55 1 98.21% 21.509835
57 1 98.28% 20.132331
58 1 98.31% 20.976865
