0
0
1
16 2 6 183262 3 3 1 4 
2
9 3 18 6148689 3 16 11 20 
2 3 9 749863 3 20 1 3 
1
2 4 5 15741 3 3 5 19 
2
15 5 14 3101698 3 16 4 13 
15 5 11 1028471 3 5 7 11 
1
14 6 7 424086 3 3 18 11 
1
5 7 10 28610 3 1 6 18 
1
18 8 11 215467 3 8 4 19 
1
16 9 12 840162 3 9 2 17 
0
1
8 11 43 3972929 3 5 19 15 
2
20 12 32 4680177 3 3 11 10 
5 12 13 673976 3 8 17 1 
1
14 13 47 5995815 3 13 9 20 
1
9 14 19 1797398 3 15 8 2 
1
16 15 47 865438 3 14 15 2 
0
2
4 17 18 181526 3 16 3 15 
18 17 24 318649 3 10 9 20 
0
1
6 19 23 494435 3 14 20 7 
1
9 20 34 5493118 3 20 7 14 
2
10 21 29 1576503 3 4 15 19 
1 21 25 870294 3 7 9 13 
0
1
12 23 31 480809 3 3 11 19 
2
9 24 45 11652322 3 2 10 19 
13 24 36 638292 3 6 5 7 
1
11 25 32 30408 3 4 10 20 
1
9 26 32 2669083 3 15 14 5 
1
4 27 30 1271408 3 13 11 19 
0
2
8 29 39 1752584 3 13 11 9 
16 29 56 8964886 3 6 17 13 
0
2
17 31 35 1026156 3 15 19 6 
11 31 36 324514 3 2 14 19 
1
17 32 43 395923 3 10 6 1 
1
20 33 53 1105805 3 5 16 4 
0
0
3
4 36 39 853056 3 13 16 5 
3 36 45 5380142 3 20 13 10 
20 36 43 5456215 3 2 10 17 
1
11 37 39 117897 3 5 16 14 
0
1
11 39 40 395347 3 8 14 2 
1
19 40 50 95308 3 15 20 2 
0
2
13 42 48 1659243 3 6 4 14 
19 42 51 691853 3 15 6 4 
2
13 43 51 1457681 3 18 17 6 
6 43 55 4129274 3 5 17 8 
1
8 44 55 2126858 3 14 18 16 
1
15 45 47 1414474 3 13 10 17 
0
1
1 47 48 16801 3 8 12 16 
0
2
18 49 54 1768662 3 19 16 11 
14 49 55 536029 3 11 5 2 
0
2
5 51 59 547558 3 15 8 18 
10 51 56 2260797 3 5 20 7 
1
14 52 56 651110 3 10 15 2 
0
1
9 54 58 982281 3 14 20 13 
1
1 55 57 243254 3 16 11 17 
2
5 56 59 770588 3 20 19 9 
8 56 58 423123 3 12 16 2 
2
19 57 59 105119 3 11 4 8 
10 57 58 713284 3 3 17 18 
1
10 58 59 415413 3 15 5 14 
0
