1 0 100.00% 0.045844
2 0 100.00% 0.008621
2 1 66.67% 0.013955
3 1 75.00% 0.012599
4 1 80.00% 0.024915
5 1 83.33% 0.073943
6 1 85.71% 0.026498
7 1 87.50% 0.010901
8 1 88.89% 0.015249
8 2 80.00% 0.021053
9 2 81.82% 0.010461
10 2 83.33% 0.034715
11 2 84.62% 0.016929
12 2 85.71% 0.028152
13 2 86.67% 0.022752
14 2 87.50% 0.057801
15 2 88.24% 0.042871
16 2 88.89% 0.034242
17 2 89.47% 0.013773
17 3 85.00% 0.029544
18 3 85.71% 0.042552
19 3 86.36% 0.012731
20 3 86.96% 0.014629
21 3 87.50% 0.012963
22 3 88.00% 0.014229
23 3 88.46% 0.014874
24 3 88.89% 0.020091
25 3 89.29% 0.015416
26 3 89.66% 0.021214
27 3 90.00% 0.019762
28 3 90.32% 0.015782
29 3 90.62% 0.015363
30 3 90.91% 0.015146
31 3 91.18% 0.014959
32 3 91.43% 0.016776
33 3 91.67% 0.016415
