1
8 0 7 42963 1 4 
1
9 1 3 1288 1 12 
1
12 2 4 179 1 5 
1
5 3 4 7629 1 12 
1
9 4 7 1371 1 1 
0
1
1 6 26 36082 1 6 
2
12 7 12 22040 1 8 
5 7 14 3456 1 6 
0
0
1
4 10 15 8249 1 1 
2
1 11 14 28586 1 10 
5 11 15 2139 1 7 
1
7 12 30 34078 1 5 
2
2 13 16 4030 1 9 
6 13 21 24080 1 12 
0
2
7 15 28 1314 1 9 
11 15 33 21285 1 3 
1
9 16 27 30552 1 8 
0
2
2 18 32 12777 1 10 
3 18 20 1697 1 2 
0
2
11 20 25 53529 1 6 
11 20 33 6811 1 7 
0
2
7 22 34 1747 1 9 
1 22 26 4542 1 11 
1
6 23 24 5772 1 7 
1
1 24 28 1239 1 10 
0
1
2 26 30 5981 1 6 
2
3 27 29 7171 1 7 
11 27 29 2385 1 12 
0
2
3 29 35 8626 1 8 
10 29 31 5223 1 4 
1
9 30 34 2121 1 8 
1
1 31 35 1040 1 11 
1
4 32 33 5969 1 2 
1
10 33 34 1264 1 1 
1
3 34 35 3801 1 1 
1
4 35 35 2267 1 7 
