1 0 100.00% 0.450998
2 0 100.00% 3.964223
3 0 100.00% 2.495960
3 1 75.00% 0.610652
4 1 80.00% 3.566096
5 1 83.33% 0.982612
5 2 71.43% 0.419576
6 2 75.00% 4.555026
6 3 66.67% 1.694732
7 3 70.00% 0.781505
8 3 72.73% 2.217083
8 4 66.67% 4.199244
8 5 61.54% 0.423825
9 5 64.29% 0.403369
10 5 66.67% 2.083416
11 5 68.75% 1.004086
11 6 64.71% 1.000093
12 6 66.67% 4.112846
12 7 63.16% 0.984268
12 8 60.00% 0.420445
13 8 61.90% 0.950984
14 8 63.64% 0.409014
14 9 60.87% 0.528287
15 9 62.50% 0.569500
15 10 60.00% 0.377454
16 10 61.54% 1.190477
17 10 62.96% 1.786204
18 10 64.29% 0.459533
19 10 65.52% 1.623465
20 10 66.67% 1.954908
21 10 67.74% 0.431554
22 10 68.75% 0.780817
23 10 69.70% 0.821168
24 10 70.59% 1.270237
25 10 71.43% 0.686538
26 10 72.22% 0.885934
27 10 72.97% 0.466731
28 10 73.68% 0.429838
29 10 74.36% 0.456232
29 11 72.50% 0.211858
