1 0 100.00% 0.009881
2 0 100.00% 0.027835
3 0 100.00% 0.010448
3 1 75.00% 0.015234
3 2 60.00% 0.084295
4 2 66.67% 0.014034
5 2 71.43% 0.013080
6 2 75.00% 0.030968
7 2 77.78% 0.031770
8 2 80.00% 0.009397
9 2 81.82% 0.025429
9 3 75.00% 0.116771
9 4 69.23% 0.013430
10 4 71.43% 0.014004
11 4 73.33% 0.038083
12 4 75.00% 0.021254
12 5 70.59% 0.032536
13 5 72.22% 0.039667
14 5 73.68% 0.029419
14 6 70.00% 0.009715
15 6 71.43% 0.012761
16 6 72.73% 0.014988
17 6 73.91% 0.015858
18 6 75.00% 0.022473
18 7 72.00% 0.011020
19 7 73.08% 0.034075
20 7 74.07% 0.020894
21 7 75.00% 0.023724
22 7 75.86% 0.025092
23 7 76.67% 0.028198
24 7 77.42% 0.012524
25 7 78.12% 0.012060
26 7 78.79% 0.019387
27 7 79.41% 0.015035
28 7 80.00% 0.014040
29 7 80.56% 0.017699
30 7 81.08% 0.013623
31 7 81.58% 0.012877
32 7 82.05% 0.014734
33 7 82.50% 0.020197
