0
2
12 1 9 13225 6 9 11 7 5 6 10 
9 1 6 9634 6 2 11 4 10 6 12 
1
9 2 19 40354 6 3 10 12 4 5 7 
1
12 3 17 116185 6 6 1 11 9 3 10 
0
0
1
12 6 7 2211 6 6 7 2 10 3 1 
1
4 7 13 490 6 7 10 6 2 12 9 
3
7 8 10 2079 6 4 5 3 11 9 6 
4 8 18 11335 6 8 6 10 3 7 12 
3 8 11 5712 6 11 2 6 10 12 7 
1
3 9 18 12906 6 2 1 7 6 12 8 
1
9 10 13 10938 6 11 4 1 5 7 12 
1
12 11 14 2125 6 9 11 2 1 6 8 
0
1
8 13 15 562 6 5 7 12 4 2 9 
0
2
5 15 18 5846 6 1 8 10 11 3 6 
7 15 16 17999 6 8 9 3 2 5 4 
1
2 16 18 5460 6 3 1 10 9 4 12 
1
5 17 19 1594 6 11 10 4 12 6 2 
0
1
1 19 19 325 6 3 10 7 2 11 5 
