1 0 100.00% 0.218122
2 0 100.00% 0.663323
3 0 100.00% 0.192511
4 0 100.00% 0.295475
4 1 80.00% 2.199139
5 1 83.33% 1.474865
6 1 85.71% 1.441436
6 2 75.00% 0.666591
6 3 66.67% 1.125866
6 4 60.00% 0.584184
7 4 63.64% 1.849502
8 4 66.67% 0.306204
9 4 69.23% 3.606364
9 5 64.29% 0.747975
9 6 60.00% 0.076536
10 6 62.50% 1.475827
10 7 58.82% 0.139630
11 7 61.11% 1.304406
11 8 57.89% 0.431669
11 9 55.00% 0.482591
12 9 57.14% 1.075980
13 9 59.09% 1.937666
13 10 56.52% 0.112304
13 11 54.17% 1.204676
13 12 52.00% 1.602493
14 12 53.85% 2.141761
14 13 51.85% 1.659644
14 14 50.00% 0.299279
15 14 51.72% 1.813174
15 15 50.00% 0.633155
15 16 48.39% 0.398082
16 16 50.00% 1.239691
16 17 48.48% 0.295914
16 18 47.06% 0.209088
16 19 45.71% 0.540946
16 20 44.44% 0.237763
17 20 45.95% 1.336270
17 21 44.74% 0.095862
18 21 46.15% 0.925209
18 22 45.00% 0.339469
18 23 43.90% 0.491305
18 24 42.86% 0.531726
18 25 41.86% 1.397028
18 26 40.91% 0.127499
18 27 40.00% 0.175980
18 28 39.13% 0.043410
18 29 38.30% 0.627511
18 30 37.50% 0.054067
19 30 38.78% 0.248043
19 31 38.00% 0.206340
19 32 37.25% 0.588323
19 33 36.54% 0.287861
20 33 37.74% 0.241777
20 34 37.04% 0.264700
21 34 38.18% 0.199870
22 34 39.29% 0.335688
22 35 38.60% 0.049234
22 36 37.93% 0.087824
23 36 38.98% 0.234246
24 36 40.00% 0.114031
