1 0 100.00% 21.542274
2 0 100.00% 42.107592
3 0 100.00% 7.538954
4 0 100.00% 19.451893
4 1 80.00% 39.033317
5 1 83.33% 38.795709
6 1 85.71% 69.157108
7 1 87.50% 12.918904
7 2 77.78% 17.358422
7 3 70.00% 25.597374
7 4 63.64% 46.838498
7 5 58.33% 3.589954
7 6 53.85% 51.789208
8 6 57.14% 8.212221
8 7 53.33% 4.797495
8 8 50.00% 47.346831
8 9 47.06% 6.247200
9 9 50.00% 30.887096
9 10 47.37% 28.424258
9 11 45.00% 9.640203
10 11 47.62% 15.749890
10 12 45.45% 33.549319
10 13 43.48% 7.475417
10 14 41.67% 36.063767
11 14 44.00% 21.505305
11 15 42.31% 32.191170
11 16 40.74% 22.186504
11 17 39.29% 3.522812
11 18 37.93% 35.327007
