1 0 100.00% 10.458054
2 0 100.00% 10.510970
3 0 100.00% 10.491618
4 0 100.00% 10.512026
5 1 83.33% 10.512137
6 1 85.71% 10.824941
6 3 66.67% 10.822034
7 4 63.64% 14.483889
7 5 58.33% 7.334225
7 6 53.85% 13.411884
7 7 50.00% 6.777219
7 8 46.67% 10.617501
8 8 50.00% 11.338778
8 9 47.06% 11.295486
9 9 50.00% 10.806831
9 11 45.00% 5.283962
9 13 40.91% 10.454504
9 14 39.13% 5.271574
9 15 37.50% 10.919191
9 16 36.00% 10.413830
9 17 34.62% 5.204154
9 18 33.33% 5.256513
9 19 32.14% 5.421789
10 19 34.48% 12.411019
10 20 33.33% 5.536924
10 21 32.26% 5.578196
10 22 31.25% 5.559468
10 23 30.30% 5.487410
10 26 27.78% 5.421351
10 27 27.03% 11.735822
10 28 26.32% 5.595994
10 29 25.64% 5.584272
10 33 23.26% 10.898367
10 35 22.22% 5.381925
10 36 21.74% 10.960775
10 38 20.83% 5.354785
10 39 20.41% 10.746270
10 40 20.00% 10.733412
10 41 19.61% 10.712003
10 42 19.23% 5.378854
10 43 18.87% 10.724448
10 44 18.52% 5.413654
10 45 18.18% 10.752874
10 46 17.86% 11.025362
10 49 16.95% 11.705164
10 50 16.67% 5.362305
