1 0 100.00% 113.245790
2 0 100.00% 272.755174
3 0 100.00% 36.339210
4 0 100.00% 99.241153
4 1 80.00% 1979.905893
5 1 83.33% 250.273228
6 1 85.71% 390.470036
7 1 87.50% 55.318441
8 1 88.89% 87.499615
8 2 80.00% 106.293417
9 2 81.82% 286.377542
9 3 75.00% 17.231462
9 4 69.23% 997.008433
10 4 71.43% 38.746495
10 5 66.67% 21.607859
11 5 68.75% 167.714516
11 6 64.71% 24.016041
11 7 61.11% 114.522454
11 8 57.89% 120.549223
11 9 55.00% 42.889187
11 10 52.38% 76.424986
12 10 54.55% 183.425141
12 11 52.17% 27.890644
12 12 50.00% 195.817585
12 13 48.00% 105.850765
13 13 50.00% 175.985191
13 14 48.15% 111.626291
13 15 46.43% 16.478662
14 15 48.28% 180.496328
