1
6 0 19 1078 5 9 1 12 3 4 
1
5 1 39 15050 5 2 6 10 12 1 
1
2 2 8 1084 5 7 5 1 4 10 
0
1
8 4 21 2248 5 10 2 5 9 7 
0
2
11 6 41 85784 5 12 4 6 10 9 
5 6 41 45417 5 3 7 8 11 6 
1
9 7 53 17982 5 5 12 7 6 10 
2
10 8 16 6439 5 2 4 5 8 1 
1 8 21 7547 5 12 2 9 6 11 
0
2
7 10 27 51312 5 9 11 6 3 8 
5 10 49 31236 5 7 12 6 9 4 
1
8 11 13 1272 5 1 3 10 5 4 
0
1
11 13 54 47056 5 10 6 7 4 5 
1
9 14 20 1824 5 5 10 6 8 11 
1
5 15 18 2430 5 4 1 7 6 11 
1
8 16 41 2072 5 5 9 2 3 12 
1
7 17 20 2958 5 3 2 1 10 11 
1
1 18 35 2037 5 8 4 2 11 12 
2
2 19 38 168226 5 4 12 3 8 5 
4 19 25 9153 5 7 10 12 3 5 
0
2
8 21 33 4522 5 11 6 9 4 7 
12 21 48 14551 5 7 6 11 3 9 
1
1 22 26 21745 5 4 11 3 9 10 
1
2 23 52 138465 5 1 9 4 6 5 
1
2 24 41 17253 5 1 5 8 9 4 
1
12 25 51 6012 5 9 3 11 4 7 
1
8 26 44 9771 5 11 12 4 7 10 
0
1
2 28 30 5449 5 3 6 5 9 11 
1
5 29 56 8260 5 10 3 6 2 12 
0
1
12 31 45 18295 5 5 11 8 2 7 
1
10 32 42 16918 5 6 2 3 11 1 
1
1 33 55 11115 5 9 8 10 3 11 
1
3 34 36 1262 5 1 7 10 5 9 
3
7 35 45 36512 5 8 11 9 2 3 
3 35 45 30814 5 5 10 7 2 4 
9 35 45 27798 5 1 4 11 10 5 
1
8 36 53 12126 5 3 2 6 5 10 
1
9 37 41 17512 5 11 2 8 7 1 
1
7 38 46 4185 5 9 2 11 12 5 
0
0
0
4
2 42 46 6907 5 11 6 8 12 1 
11 42 46 631 5 2 6 5 12 9 
8 42 55 41381 5 7 5 2 6 11 
6 42 59 36066 5 5 2 1 9 11 
0
2
1 44 46 10085 5 11 2 3 9 4 
5 44 46 2182 5 11 3 8 12 4 
0
1
11 46 47 7675 5 2 5 10 8 1 
2
1 47 56 28983 5 12 11 7 4 2 
5 47 49 3768 5 11 7 10 8 2 
1
2 48 51 181 5 8 12 7 4 9 
1
4 49 50 2693 5 1 11 2 6 8 
1
3 50 57 15059 5 12 2 11 6 7 
1
7 51 55 14857 5 12 11 4 9 6 
1
11 52 53 745 5 3 2 7 8 6 
1
4 53 59 37534 5 7 1 3 8 9 
0
1
8 55 56 310 5 1 6 5 4 9 
1
4 56 59 5258 5 6 3 2 12 10 
0
3
4 58 59 7955 5 2 9 11 6 12 
10 58 59 7859 5 8 2 9 6 11 
1 58 59 563 5 7 4 11 3 6 
1
8 59 59 50 5 2 3 10 1 11 
