1 0 100.00% 0.338803
1 1 50.00% 0.861567
1 2 33.33% 0.375006
2 2 50.00% 0.311228
3 2 60.00% 0.139263
4 2 66.67% 0.283908
4 3 57.14% 0.720804
4 4 50.00% 0.813905
5 4 55.56% 0.443127
5 5 50.00% 0.053155
6 5 54.55% 0.543600
6 6 50.00% 0.059090
7 6 53.85% 0.533714
7 7 50.00% 0.617578
7 8 46.67% 0.045376
8 8 50.00% 0.470914
8 9 47.06% 0.244647
8 10 44.44% 0.341790
8 11 42.11% 0.662049
8 12 40.00% 0.536918
8 13 38.10% 0.068165
8 14 36.36% 0.081788
9 14 39.13% 0.481360
10 14 41.67% 0.238914
10 15 40.00% 0.466147
10 16 38.46% 0.517385
10 17 37.04% 0.033809
10 18 35.71% 0.145700
10 19 34.48% 0.214195
10 20 33.33% 0.063120
11 20 35.48% 0.478608
12 20 37.50% 0.341919
13 20 39.39% 0.383815
14 20 41.18% 0.363999
14 21 40.00% 0.336614
14 22 38.89% 0.084051
15 22 40.54% 0.270584
15 23 39.47% 0.080359
15 24 38.46% 0.373281
16 24 40.00% 0.423081
16 25 39.02% 0.353861
16 26 38.10% 0.060435
16 27 37.21% 0.079959
16 28 36.36% 0.219226
16 29 35.56% 0.036134
16 30 34.78% 0.283735
16 31 34.04% 0.130875
16 32 33.33% 0.257228
16 33 32.65% 0.303165
17 33 34.00% 0.228853
18 33 35.29% 0.326417
18 34 34.62% 0.065438
18 35 33.96% 0.040858
19 35 35.19% 0.209264
19 36 34.55% 0.107286
19 37 33.93% 0.081626
19 38 33.33% 0.195820
19 39 32.76% 0.085274
19 40 32.20% 0.073063
20 40 33.33% 0.165934
21 40 34.43% 0.141632
21 41 33.87% 0.182858
22 41 34.92% 0.252865
22 42 34.38% 0.072540
23 42 35.38% 0.185374
23 43 34.85% 0.062036
23 44 34.33% 0.059349
23 45 33.82% 0.084875
23 46 33.33% 0.134458
24 46 34.29% 0.122156
24 47 33.80% 0.032775
24 48 33.33% 0.052956
25 48 34.25% 0.148254
25 49 33.78% 0.048254
25 50 33.33% 0.075172
26 50 34.21% 0.134152
26 51 33.77% 0.026871
27 51 34.62% 0.072627
28 51 35.44% 0.076205
28 52 35.00% 0.027672
