0 1 0.00% 2.338049
1 1 50.00% 0.335333
1 2 33.33% 1.850390
2 2 50.00% 0.296340
3 2 60.00% 1.315976
3 3 50.00% 0.575217
3 4 42.86% 0.323984
4 4 50.00% 0.372535
4 5 44.44% 1.415383
5 5 50.00% 1.053506
6 5 54.55% 1.863974
6 6 50.00% 0.530130
7 6 53.85% 0.648608
7 7 50.00% 0.484749
8 7 53.33% 1.956402
8 8 50.00% 0.230308
8 9 47.06% 0.296856
9 9 50.00% 1.067980
9 10 47.37% 0.270317
9 11 45.00% 0.225620
9 12 42.86% 0.401704
9 13 40.91% 0.901539
9 14 39.13% 0.212922
9 15 37.50% 0.716135
9 16 36.00% 0.088714
10 16 38.46% 1.297692
10 17 37.04% 0.056352
11 17 39.29% 0.709787
12 17 41.38% 0.969504
12 18 40.00% 0.131571
12 19 38.71% 0.359641
13 19 40.62% 0.659199
13 20 39.39% 0.058638
14 20 41.18% 0.147062
15 20 42.86% 0.150013
