1
5 0 28 86715 6 3 9 12 7 8 1 
0
1
8 2 14 1982 6 1 7 10 6 2 5 
1
6 3 15 29985 6 7 1 2 3 10 11 
1
7 4 27 1089 6 3 2 5 12 11 6 
2
3 5 19 14043 6 4 5 2 1 12 7 
2 5 14 47953 6 12 10 7 11 3 8 
1
1 6 9 6149 6 7 11 8 6 4 2 
1
6 7 11 371 6 1 5 12 9 4 11 
1
11 8 25 26958 6 4 1 3 6 5 9 
0
2
5 10 19 10511 6 8 1 11 4 6 10 
1 10 34 13835 6 9 5 8 7 12 3 
1
12 11 13 2310 6 5 4 10 3 2 7 
0
0
0
1
7 15 25 1890 6 6 12 5 2 10 9 
3
4 16 20 9666 6 8 10 5 1 11 3 
10 16 31 23054 6 8 1 6 3 5 4 
8 16 23 33094 6 7 1 9 5 11 4 
2
9 17 26 41614 6 10 4 8 1 2 6 
4 17 25 1346 6 1 7 10 8 2 3 
1
7 18 28 54532 6 6 1 12 11 4 3 
0
1
9 20 27 29339 6 2 5 10 8 12 3 
1
8 21 34 112400 6 10 1 9 12 3 2 
0
0
3
10 24 31 14743 6 12 7 11 1 4 8 
10 24 27 3315 6 4 1 3 5 7 8 
5 24 28 3725 6 10 8 3 1 9 6 
2
3 25 27 13521 6 11 6 12 8 4 7 
1 25 33 13482 6 12 6 10 9 7 3 
0
0
3
10 28 29 2741 6 11 2 12 7 5 9 
9 28 35 514 6 1 12 3 2 6 10 
2 28 33 3596 6 6 11 10 7 4 3 
1
5 29 33 28523 6 11 6 1 9 8 10 
1
2 30 34 3149 6 12 8 7 11 5 6 
1
1 31 35 840 6 12 3 9 5 11 10 
0
0
1
7 34 35 18656 6 2 6 4 1 3 5 
2
5 35 35 361 6 7 8 12 6 2 4 
4 35 35 729 6 10 1 8 11 7 6 
