1 0 100.00% 5.748599
2 0 100.00% 29.057989
3 0 100.00% 6.413122
3 1 75.00% 17.667322
4 1 80.00% 2.663331
5 1 83.33% 10.064607
6 1 85.71% 6.364137
7 1 87.50% 17.091409
8 1 88.89% 14.854320
9 1 90.00% 1.563928
9 2 81.82% 8.966163
9 3 75.00% 23.116709
9 4 69.23% 18.620095
9 5 64.29% 4.925396
9 6 60.00% 4.232881
9 7 56.25% 3.014990
9 8 52.94% 7.717014
10 8 55.56% 17.494097
11 8 57.89% 12.384576
12 8 60.00% 8.316826
13 8 61.90% 4.246898
14 8 63.64% 9.769092
15 8 65.22% 14.854648
16 8 66.67% 11.406774
17 8 68.00% 5.633357
18 8 69.23% 23.921549
19 8 70.37% 2.198622
20 8 71.43% 7.350025
21 8 72.41% 6.447819
22 8 73.33% 12.242731
23 8 74.19% 14.258162
24 8 75.00% 10.953303
25 8 75.76% 11.169686
26 8 76.47% 4.853589
26 9 74.29% 1.744353
26 10 72.22% 9.363899
27 10 72.97% 7.312898
28 10 73.68% 5.078007
28 11 71.79% 6.310868
29 11 72.50% 2.425611
29 12 70.73% 2.598244
29 13 69.05% 4.596410
30 13 69.77% 6.693240
31 13 70.45% 10.003327
31 14 68.89% 6.250222
32 14 69.57% 10.661915
33 14 70.21% 8.203956
34 14 70.83% 7.992811
35 14 71.43% 4.203772
35 15 70.00% 6.285909
36 15 70.59% 2.347217
37 15 71.15% 1.607499
37 16 69.81% 4.627635
38 16 70.37% 1.497665
39 16 70.91% 3.695747
40 16 71.43% 2.147131
41 16 71.93% 3.518917
42 16 72.41% 1.801560
43 16 72.88% 2.384002
44 16 73.33% 0.915682
