1 0 100.00% 0.110847
2 0 100.00% 0.271550
2 1 66.67% 0.327857
3 1 75.00% 0.157724
4 1 80.00% 0.110596
5 1 83.33% 0.126895
6 1 85.71% 0.084771
7 1 87.50% 0.161589
8 1 88.89% 0.243035
9 1 90.00% 0.073665
10 1 90.91% 0.063417
11 1 91.67% 0.189859
12 1 92.31% 0.274503
13 1 92.86% 0.169308
14 1 93.33% 0.155401
15 1 93.75% 0.137766
16 1 94.12% 0.077756
17 1 94.44% 0.156197
18 1 94.74% 0.145833
19 1 95.00% 0.075505
20 1 95.24% 0.069879
21 1 95.45% 0.074244
22 1 95.65% 0.171058
23 1 95.83% 0.143531
24 1 96.00% 0.075148
25 1 96.15% 0.089097
26 1 96.30% 0.103975
27 1 96.43% 0.077404
28 1 96.55% 0.080070
29 1 96.67% 0.078955
30 1 96.77% 0.259256
31 1 96.88% 0.081217
32 1 96.97% 0.261911
32 2 94.12% 0.129122
32 3 91.43% 0.052787
33 3 91.67% 0.102762
34 3 91.89% 0.235117
35 3 92.11% 0.133610
36 3 92.31% 0.089445
37 3 92.50% 0.077050
38 3 92.68% 0.060604
39 3 92.86% 0.068056
40 3 93.02% 0.119924
41 3 93.18% 0.347642
42 3 93.33% 0.084830
43 3 93.48% 0.273221
44 3 93.62% 0.095807
45 3 93.75% 0.316722
46 3 93.88% 0.223911
47 3 94.00% 0.097916
48 3 94.12% 0.118262
49 3 94.23% 0.112791
50 3 94.34% 0.107574
51 3 94.44% 0.098930
52 3 94.55% 0.099204
53 3 94.64% 0.094955
54 3 94.74% 0.076327
55 3 94.83% 0.087123
56 3 94.92% 0.079248
57 3 95.00% 0.062405
