1 0 100.00% 3.316158
3 0 100.00% 3.205941
4 0 100.00% 3.205052
5 0 100.00% 3.369600
6 0 100.00% 3.236787
7 0 100.00% 3.312589
8 0 100.00% 3.179320
9 0 100.00% 3.465485
9 1 90.00% 3.499769
10 1 90.91% 3.361030
11 1 91.67% 3.473118
12 1 92.31% 3.021585
13 1 92.86% 3.421776
13 2 86.67% 1.656664
13 3 81.25% 3.096173
14 3 82.35% 3.562329
16 3 84.21% 3.443819
17 3 85.00% 4.636257
18 3 85.71% 3.194009
19 3 86.36% 3.171471
20 3 86.96% 3.084235
22 3 88.00% 3.121986
23 3 88.46% 3.291549
24 3 88.89% 1.458709
25 3 89.29% 3.476422
26 3 89.66% 3.663604
28 3 90.32% 3.138439
29 3 90.62% 3.511876
30 4 88.24% 3.548156
30 5 85.71% 3.783886
32 5 86.49% 3.402324
33 5 86.84% 3.517161
34 5 87.18% 3.361136
35 5 87.50% 1.436399
36 5 87.80% 3.221875
37 5 88.10% 3.025568
39 5 88.64% 3.686500
40 5 88.89% 3.516238
41 5 89.13% 3.377191
43 5 89.58% 2.802779
45 5 90.00% 2.925061
46 5 90.20% 1.657262
47 5 90.38% 3.099006
49 5 90.74% 4.373427
50 5 90.91% 3.252869
51 5 91.07% 3.212479
52 5 91.23% 3.122713
53 5 91.38% 3.370463
54 5 91.53% 3.145197
55 5 91.67% 1.530697
