1
9 0 6 499802 3 6 4 8 
0
2
3 2 39 9004062 3 1 12 8 
3 2 9 6047285 3 12 2 6 
1
1 3 23 779299 3 11 6 5 
1
11 4 6 704953 3 7 3 8 
1
7 5 17 2365600 3 6 8 10 
1
8 6 13 624721 3 5 9 6 
1
10 7 30 4688683 3 7 9 3 
1
10 8 28 8462197 3 7 9 6 
1
9 9 10 406391 3 12 11 1 
1
9 10 21 12225 3 6 12 1 
1
6 11 40 4647558 3 1 5 10 
1
2 12 33 9645829 3 8 7 6 
1
10 13 18 749357 3 5 6 7 
1
1 14 18 146369 3 6 8 2 
1
3 15 18 239562 3 12 1 4 
0
1
12 17 26 369274 3 10 4 6 
2
2 18 41 5080360 3 1 4 9 
5 18 33 3692342 3 1 4 10 
1
8 19 28 545477 3 10 9 12 
1
10 20 24 262895 3 9 7 4 
1
3 21 33 442988 3 4 7 5 
1
11 22 43 4325281 3 9 10 3 
0
2
5 24 40 3333256 3 10 4 2 
5 24 31 255080 3 12 10 7 
1
1 25 58 1234574 3 12 5 9 
1
10 26 28 1263033 3 1 11 6 
0
1
6 28 37 1415647 3 9 8 1 
1
11 29 36 678520 3 2 6 12 
0
2
6 31 45 1472605 3 11 1 12 
11 31 48 6068881 3 5 9 3 
1
1 32 45 619924 3 8 7 6 
2
8 33 47 8102460 3 1 2 12 
6 33 38 2009146 3 4 9 3 
0
1
5 35 36 124031 3 11 4 3 
2
6 36 47 1673504 3 7 8 5 
11 36 44 56319 3 4 6 9 
1
8 37 42 227331 3 10 5 6 
1
1 38 45 162159 3 10 8 2 
1
3 39 41 1404823 3 2 6 10 
0
1
7 41 43 390944 3 6 10 5 
1
1 42 47 1726783 3 7 4 9 
2
3 43 51 3256020 3 11 12 1 
3 43 56 10608444 3 5 2 7 
1
10 44 51 527618 3 6 7 2 
0
1
3 46 58 2527891 3 2 12 8 
2
10 47 56 1774743 3 12 1 4 
5 47 56 6057271 3 11 1 9 
0
2
4 49 53 56476 3 9 3 10 
6 49 56 760102 3 8 11 12 
0
1
6 51 53 1732882 3 8 11 10 
1
6 52 53 259837 3 11 4 12 
2
8 53 58 895908 3 10 9 4 
4 53 54 1042813 3 8 3 9 
1
6 54 58 51297 3 7 5 9 
1
3 55 57 51242 3 10 12 5 
1
7 56 59 517836 3 9 2 11 
1
4 57 58 503674 3 7 3 11 
1
12 58 59 60299 3 9 7 10 
1
11 59 59 108752 3 6 5 2 
