1
7 0 6 7976 4 11 3 12 8 
1
6 1 16 45422 4 10 4 9 1 
0
1
4 3 35 277 4 8 6 7 5 
2
4 4 18 1008 4 8 12 10 2 
8 4 9 20144 4 2 1 5 7 
1
2 5 7 1887 4 7 9 6 8 
0
2
7 7 14 428 4 9 8 3 10 
12 7 21 13 4 6 1 7 2 
1
3 8 27 10968 4 2 8 10 11 
1
5 9 16 67891 4 11 4 1 9 
1
10 10 39 112611 4 6 5 7 2 
1
9 11 15 4472 4 5 11 3 4 
0
1
1 13 23 47876 4 6 9 11 7 
2
2 14 48 27146 4 6 11 3 12 
11 14 43 11136 4 9 8 10 4 
1
11 15 52 137598 4 8 9 5 2 
0
1
1 17 24 6956 4 9 3 7 8 
1
5 18 35 29890 4 9 11 4 12 
1
9 19 34 58168 4 12 10 3 7 
2
12 20 56 13686 4 4 2 11 10 
9 20 40 42873 4 8 4 11 6 
1
4 21 35 5629 4 1 8 3 7 
1
12 22 54 59436 4 7 2 10 3 
1
12 23 48 115507 4 7 5 10 4 
0
2
7 25 30 16909 4 11 4 12 3 
3 25 51 35316 4 1 10 6 9 
1
5 26 59 163927 4 12 7 10 9 
0
1
8 28 54 17793 4 6 11 7 2 
1
11 29 49 48549 4 2 7 1 3 
2
11 30 37 39768 4 3 8 5 10 
4 30 37 16490 4 5 1 12 6 
1
2 31 33 5742 4 7 12 5 11 
0
1
3 33 52 27838 4 1 12 11 7 
1
7 34 42 12910 4 4 3 5 1 
2
9 35 58 31545 4 5 11 1 8 
2 35 51 135974 4 6 7 9 11 
0
0
3
1 38 56 58685 4 8 12 6 5 
7 38 43 30821 4 10 9 6 5 
4 38 48 58655 4 11 8 3 2 
1
2 39 53 7719 4 12 5 3 8 
0
0
1
3 42 45 4831 4 8 11 7 4 
1
1 43 47 8948 4 6 11 3 12 
1
8 44 49 16117 4 9 2 7 1 
1
4 45 55 32660 4 10 8 12 5 
1
7 46 59 13591 4 11 1 12 10 
1
2 47 50 19393 4 5 12 7 11 
2
3 48 49 479 4 6 7 9 2 
4 48 57 23066 4 11 12 10 1 
1
10 49 57 20474 4 7 5 11 4 
2
12 50 53 48244 4 5 6 2 10 
3 50 51 298 4 9 2 8 1 
1
8 51 56 10180 4 6 9 12 4 
1
6 52 55 17910 4 8 12 5 11 
1
7 53 56 7777 4 12 11 2 8 
1
1 54 55 2863 4 9 11 7 2 
1
10 55 56 2673 4 5 7 9 1 
0
1
5 57 58 1040 4 11 7 9 12 
1
6 58 59 1206 4 1 11 10 5 
0
