1 0 100.00% 1.144906
2 0 100.00% 1.030898
3 0 100.00% 0.124711
4 0 100.00% 0.689826
5 0 100.00% 0.128331
5 1 83.33% 0.193258
5 2 71.43% 0.442447
6 2 75.00% 0.402751
7 2 77.78% 0.505569
7 3 70.00% 0.515594
8 3 72.73% 1.588094
8 4 66.67% 0.080139
8 5 61.54% 0.847074
9 5 64.29% 0.119736
9 6 60.00% 1.692962
9 7 56.25% 0.379191
9 8 52.94% 1.633288
10 8 55.56% 0.335809
10 9 52.63% 0.185860
10 10 50.00% 0.717391
11 10 52.38% 0.235329
11 11 50.00% 0.147330
12 11 52.17% 1.033014
12 12 50.00% 0.782406
13 12 52.00% 0.670701
14 12 53.85% 0.984362
14 13 51.85% 0.479605
15 13 53.57% 1.900284
15 14 51.72% 0.101967
15 15 50.00% 0.552061
16 15 51.61% 1.162656
16 16 50.00% 0.098511
16 17 48.48% 0.096649
16 18 47.06% 0.111590
16 19 45.71% 0.299601
16 20 44.44% 0.160465
16 21 43.24% 1.018429
17 21 44.74% 0.149031
17 22 43.59% 0.167788
17 23 42.50% 0.212381
17 24 41.46% 0.513646
17 25 40.48% 0.932552
18 25 41.86% 0.849534
18 26 40.91% 0.111876
18 27 40.00% 0.758063
18 28 39.13% 0.155811
18 29 38.30% 0.256650
18 30 37.50% 0.073380
18 31 36.73% 0.159208
18 32 36.00% 0.037909
18 33 35.29% 0.117756
19 33 36.54% 0.359730
20 33 37.74% 0.420786
20 34 37.04% 0.139066
21 34 38.18% 0.292558
21 35 37.50% 0.248083
21 36 36.84% 0.153516
22 36 37.93% 0.177945
22 37 37.29% 0.124465
22 38 36.67% 0.060265
