0 1 0.00% 0.691121
1 1 50.00% 0.466464
2 1 66.67% 0.720220
2 2 50.00% 0.080782
2 3 40.00% 0.317592
2 4 33.33% 0.220173
3 4 42.86% 0.756181
4 4 50.00% 0.204982
4 5 44.44% 0.736612
5 5 50.00% 0.931597
6 5 54.55% 1.039417
7 5 58.33% 0.183028
7 6 53.85% 0.396436
8 6 57.14% 0.951820
9 6 60.00% 1.001016
9 7 56.25% 0.255767
9 8 52.94% 0.449575
9 9 50.00% 0.674685
9 10 47.37% 0.388936
9 11 45.00% 0.231451
9 12 42.86% 0.478988
9 13 40.91% 0.567571
9 14 39.13% 0.368347
9 15 37.50% 0.038807
9 16 36.00% 0.786258
9 17 34.62% 0.221237
10 17 37.04% 0.429451
10 18 35.71% 0.156660
10 19 34.48% 0.294139
11 19 36.67% 0.233606
12 19 38.71% 0.400149
12 20 37.50% 0.142537
12 21 36.36% 0.234313
13 21 38.24% 0.176205
13 22 37.14% 0.301821
14 22 38.89% 0.151990
14 23 37.84% 0.266023
15 23 39.47% 0.186894
15 24 38.46% 0.089082
16 24 40.00% 0.087378
