1 0 100.00% 21.332010
2 0 100.00% 63.073321
2 1 66.67% 21.014111
3 1 75.00% 18.157460
3 2 60.00% 5.997359
4 2 66.67% 17.985547
4 3 57.14% 47.241278
4 4 50.00% 47.208101
5 4 55.56% 48.497598
5 5 50.00% 8.880599
5 6 45.45% 49.834011
5 7 41.67% 6.038224
6 7 46.15% 36.465206
6 8 42.86% 39.489383
6 9 40.00% 5.940623
6 10 37.50% 23.940496
6 11 35.29% 14.429986
6 12 33.33% 21.084202
6 13 31.58% 39.547703
6 14 30.00% 35.964258
7 14 33.33% 5.912352
7 15 31.82% 14.862782
7 16 30.43% 26.691079
8 16 33.33% 29.883511
8 17 32.00% 20.685541
8 18 30.77% 23.749701
8 19 29.63% 5.850972
8 20 28.57% 27.290451
8 21 27.59% 17.733853
8 22 26.67% 11.805474
8 23 25.81% 26.890956
8 24 25.00% 23.953480
9 24 27.27% 26.636377
10 24 29.41% 33.207024
10 25 28.57% 20.771715
10 26 27.78% 14.720342
11 26 29.73% 20.805859
11 27 28.95% 11.777941
11 28 28.21% 30.062692
12 28 30.00% 30.769192
12 29 29.27% 14.888022
12 30 28.57% 8.924322
12 31 27.91% 11.755109
12 32 27.27% 17.720888
12 33 26.67% 5.820713
12 34 26.09% 26.577064
12 35 25.53% 17.676433
12 36 25.00% 23.650058
12 37 24.49% 20.400114
13 37 26.00% 14.463316
13 38 25.49% 17.544074
13 39 25.00% 8.716369
13 40 24.53% 5.791360
13 41 24.07% 11.673710
13 42 23.64% 8.733865
13 43 23.21% 8.722596
13 44 22.81% 11.649550
13 45 22.41% 11.628227
13 46 22.03% 5.805166
14 46 23.33% 11.656404
15 46 24.59% 5.838621
15 47 24.19% 8.670501
15 48 23.81% 11.642167
15 49 23.44% 5.974551
15 50 23.08% 8.732222
15 51 22.73% 8.656925
15 52 22.39% 8.581581
15 53 22.06% 11.624978
16 53 23.19% 8.707191
17 53 24.29% 5.827236
17 54 23.94% 5.852932
17 55 23.61% 8.472042
17 56 23.29% 5.688419
17 57 22.97% 5.865132
17 58 22.67% 5.985561
17 59 22.37% 5.908986
17 60 22.08% 2.943629
17 61 21.79% 3.009387
18 61 22.78% 2.953427
18 62 22.50% 2.935235
