1 0 100.00% 6.480324
1 1 50.00% 13.883019
1 2 33.33% 6.272228
2 2 50.00% 5.488321
3 2 60.00% 1.827491
4 2 66.67% 5.421400
5 2 71.43% 13.632407
5 3 62.50% 13.548707
5 4 55.56% 13.179340
5 5 50.00% 2.673330
5 6 45.45% 14.410923
5 7 41.67% 1.789666
5 8 38.46% 10.806563
5 9 35.71% 11.793563
5 10 33.33% 1.855286
5 11 31.25% 6.986517
5 12 29.41% 4.499159
5 13 27.78% 6.298670
5 14 26.32% 11.870439
5 15 25.00% 10.784192
5 16 23.81% 1.802514
5 17 22.73% 5.391571
5 18 21.74% 8.128088
5 19 20.83% 8.824036
5 20 20.00% 6.268893
5 21 19.23% 6.919474
5 22 18.52% 1.797577
5 23 17.86% 8.045121
5 24 17.24% 5.340078
5 25 16.67% 3.592622
5 26 16.13% 8.022779
5 27 15.62% 7.493374
5 28 15.15% 8.004203
5 29 14.71% 9.698956
5 30 14.29% 6.285413
5 31 13.89% 4.447899
5 32 13.51% 6.230837
5 33 13.16% 3.552946
5 34 12.82% 9.517864
5 35 12.50% 9.275360
5 36 12.20% 4.545496
5 37 11.90% 2.729346
5 38 11.63% 3.570411
5 39 11.36% 5.315204
5 40 11.11% 1.757651
5 41 10.87% 8.149758
5 42 10.64% 5.388942
5 43 10.42% 7.011581
5 44 10.20% 6.163692
5 45 10.00% 4.427861
5 46 9.80% 5.194245
5 47 9.62% 2.646755
5 48 9.43% 1.769850
5 49 9.26% 3.564237
5 50 9.09% 2.646070
5 51 8.93% 2.627720
6 51 10.53% 3.928735
6 52 10.34% 3.544865
6 53 10.17% 1.773953
6 54 10.00% 3.546048
6 55 9.84% 1.775243
6 56 9.68% 2.672313
6 57 9.52% 3.521978
6 58 9.38% 1.818534
7 58 10.77% 2.669660
7 59 10.61% 2.612580
7 60 10.45% 2.645297
7 61 10.29% 3.472802
7 62 10.14% 2.649275
8 62 11.43% 1.735337
9 62 12.68% 1.724736
9 63 12.50% 2.583682
10 63 13.70% 1.754465
10 64 13.51% 1.769003
10 65 13.33% 1.756167
10 66 13.16% 1.732235
11 66 14.29% 0.880367
12 66 15.38% 0.883084
13 66 16.46% 0.886471
13 67 16.25% 0.882381
