0
4
7 1 7 7736 4 3 12 10 6 
11 1 15 25399 4 5 12 8 2 
10 1 7 14026 4 11 9 12 8 
2 1 6 6505 4 11 6 10 5 
4
12 2 3 564 4 9 7 3 8 
8 2 7 3450 4 11 2 12 1 
7 2 16 32382 4 8 3 1 12 
12 2 16 34038 4 8 7 2 3 
4
11 3 17 11049 4 12 1 5 10 
6 3 5 22707 4 2 8 10 5 
11 3 18 5131 4 2 7 10 1 
7 3 4 4436 4 2 9 4 3 
8
2 4 15 12822 4 12 9 5 6 
7 4 16 30686 4 10 6 11 8 
11 4 5 6497 4 4 10 9 7 
8 4 11 6301 4 2 9 7 6 
7 4 8 3588 4 9 12 2 10 
6 4 10 8969 4 11 1 10 8 
2 4 16 26009 4 10 9 12 3 
7 4 15 27600 4 3 11 10 2 
4
6 5 6 5130 4 1 10 5 3 
8 5 9 5975 4 12 6 4 10 
8 5 13 2502 4 12 1 10 2 
7 5 14 396 4 11 3 6 4 
0
8
9 7 13 7595 4 3 8 5 10 
6 7 14 13479 4 2 1 7 9 
7 7 8 5131 4 9 8 2 12 
6 7 15 49491 4 3 12 10 9 
1 7 12 19201 4 4 11 12 7 
8 7 10 11174 4 4 9 3 7 
9 7 15 10666 4 12 7 8 3 
4 7 14 3332 4 3 12 5 8 
4
10 8 16 2729 4 6 3 5 8 
1 8 18 1199 4 5 8 6 12 
7 8 14 3811 4 8 9 1 2 
12 8 12 11505 4 9 2 1 10 
0
8
3 10 16 2651 4 6 8 12 11 
9 10 13 18682 4 7 2 1 3 
9 10 19 27302 4 2 12 10 6 
1 10 19 12033 4 9 2 4 5 
3 10 14 2459 4 4 11 1 10 
2 10 12 6957 4 12 10 11 7 
2 10 13 14234 4 11 10 5 1 
3 10 15 6671 4 6 2 7 8 
4
9 11 12 9064 4 8 2 3 4 
8 11 19 25327 4 5 12 11 7 
8 11 16 29803 4 7 2 3 6 
11 11 18 10605 4 9 7 6 5 
4
4 12 18 24728 4 11 7 6 1 
10 12 16 1680 4 3 8 5 12 
8 12 17 8224 4 7 4 11 12 
3 12 14 13382 4 4 9 11 8 
4
1 13 14 5425 4 9 2 3 5 
4 13 16 931 4 3 12 1 9 
6 13 15 2615 4 9 3 10 2 
6 13 15 5800 4 2 10 7 11 
0
4
10 15 18 6641 4 7 12 6 4 
4 15 18 8630 4 11 10 7 9 
12 15 16 4025 4 4 2 8 7 
6 15 18 998 4 5 7 4 8 
8
9 16 17 1584 4 2 8 6 4 
6 16 18 4467 4 3 1 5 12 
4 16 19 3310 4 1 8 6 3 
7 16 17 4247 4 6 2 10 4 
5 16 18 2019 4 2 11 8 9 
6 16 18 10734 4 10 5 2 9 
3 16 18 12791 4 12 5 4 11 
11 16 19 10901 4 2 3 12 8 
4
8 17 19 4241 4 2 1 7 10 
9 17 18 832 4 1 5 7 6 
1 17 18 14 4 7 12 10 9 
5 17 19 38445 4 9 2 12 7 
4
10 18 19 2206 4 11 2 8 6 
2 18 19 14166 4 6 10 7 4 
12 18 19 6126 4 5 1 8 10 
11 18 19 474 4 8 4 1 5 
4
1 19 19 682 4 9 8 5 12 
8 19 19 64 4 12 2 1 7 
5 19 19 61 4 7 9 1 3 
4 19 19 1465 4 12 8 10 9 
