0
1
16 1 6 3644556 11 18 9 2 32 10 21 15 28 24 39 14 
0
3
20 3 7 1622500 11 23 3 34 27 2 6 1 13 33 14 17 
4 3 5 134912 11 25 33 11 23 14 16 1 2 8 12 5 
22 3 5 176346 11 17 18 26 15 23 6 13 27 20 7 10 
0
1
14 5 8 1817339 11 30 2 23 1 9 20 13 35 24 29 11 
2
6 6 9 388505 11 16 31 21 18 2 11 27 5 37 19 22 
34 6 7 71922 11 5 14 10 15 23 32 33 9 26 17 28 
1
28 7 9 2254736 11 27 1 18 22 35 14 17 24 6 20 36 
0
1
2 9 11 133012 11 23 35 9 28 21 40 31 37 10 32 13 
2
18 10 16 805622 11 7 39 8 6 19 10 9 34 31 25 28 
7 10 11 401571 11 16 10 27 20 34 14 11 15 40 1 31 
1
14 11 19 433826 11 3 16 37 18 9 35 22 6 40 4 24 
1
22 12 15 384163 11 36 32 24 7 23 28 8 19 11 10 38 
0
2
34 14 17 47024 11 18 15 22 19 12 38 4 27 39 20 7 
17 14 17 578374 11 9 29 5 11 7 35 6 25 39 37 19 
0
2
35 16 17 624670 11 32 16 5 1 39 27 25 22 8 38 24 
39 16 19 4343363 11 24 21 28 3 1 38 7 2 5 31 10 
1
3 17 18 708678 11 16 23 35 19 5 25 38 27 11 4 2 
0
2
4 19 19 262945 11 24 17 32 35 1 8 36 33 5 37 21 
39 19 19 142800 11 29 20 23 4 10 21 38 36 16 33 5 
