1
1 0 8 7497 4 12 3 5 10 
1
6 1 17 2153 4 1 10 8 4 
1
4 2 11 15497 4 7 9 6 3 
1
7 3 10 42700 4 12 4 5 3 
1
9 4 7 3078 4 10 6 8 2 
1
12 5 9 209 4 5 11 8 1 
1
2 6 9 6271 4 6 5 1 9 
1
5 7 10 7043 4 7 1 6 11 
1
6 8 14 459 4 4 8 7 1 
0
1
7 10 13 6686 4 3 10 6 12 
1
5 11 14 6040 4 1 12 7 6 
2
10 12 13 2908 4 1 11 8 3 
10 12 16 18135 4 12 2 9 4 
1
10 13 17 1809 4 11 9 2 12 
1
1 14 16 5771 4 6 4 2 9 
1
8 15 18 10909 4 10 2 3 5 
0
1
9 17 19 11124 4 6 12 8 4 
1
5 18 19 5753 4 2 9 6 7 
1
4 19 19 5739 4 5 7 6 10 
