1 0 100.00% 4.104711
2 0 100.00% 10.693852
3 0 100.00% 21.268567
3 1 75.00% 13.351895
3 2 60.00% 27.856302
3 3 50.00% 46.090432
4 3 57.14% 5.581583
5 3 62.50% 23.393064
6 3 66.67% 13.475874
7 3 70.00% 2.863437
8 3 72.73% 12.004290
9 3 75.00% 13.369152
9 4 69.23% 5.610316
9 5 64.29% 47.682052
9 6 60.00% 13.250839
10 6 62.50% 23.525275
10 7 58.82% 36.095191
11 7 61.11% 2.780946
11 8 57.89% 44.940071
11 9 55.00% 13.374359
12 9 57.14% 4.107946
12 10 54.55% 52.203795
12 11 52.17% 25.285057
13 11 54.17% 20.054046
13 12 52.00% 40.127789
14 12 53.85% 26.591199
15 12 55.56% 31.979393
16 12 57.14% 13.477069
16 13 55.17% 12.082788
17 13 56.67% 8.556245
18 13 58.06% 13.320125
19 13 59.38% 13.388739
20 13 60.61% 22.875774
20 14 58.82% 21.250333
20 15 57.14% 30.500266
21 15 58.33% 13.462809
21 16 56.76% 2.857085
22 16 57.89% 23.943181
22 17 56.41% 14.089460
22 18 55.00% 9.418596
22 19 53.66% 11.435949
22 20 52.38% 5.474216
22 21 51.16% 5.431842
22 22 50.00% 4.199726
22 23 48.89% 2.875672
22 24 47.83% 10.695479
22 25 46.81% 17.257252
22 26 45.83% 17.237244
22 27 44.90% 8.230155
22 28 44.00% 7.769140
23 28 45.10% 12.222815
23 29 44.23% 6.745751
23 30 43.40% 4.121250
24 30 44.44% 2.790754
25 30 45.45% 5.403331
26 30 46.43% 5.407909
26 31 45.61% 2.777394
26 32 44.83% 4.126107
27 32 45.76% 2.752519
28 32 46.67% 1.421552
