1 0 100.00% 17.703382
2 0 100.00% 17.731062
3 0 100.00% 17.582711
4 0 100.00% 17.547181
5 0 100.00% 17.763373
6 0 100.00% 17.774129
8 1 88.89% 18.077494
8 2 80.00% 17.898398
9 2 81.82% 17.471531
10 2 83.33% 17.617466
11 2 84.62% 17.674760
13 2 86.67% 17.478915
14 2 87.50% 17.413223
15 3 83.33% 17.456818
17 3 85.00% 18.768625
17 4 80.95% 8.767263
17 5 77.27% 8.982037
18 5 78.26% 17.446006
19 5 79.17% 17.797314
20 5 80.00% 18.096795
22 6 78.57% 17.767876
22 7 75.86% 8.718075
22 8 73.33% 18.182951
22 9 70.97% 17.815818
23 9 71.88% 17.729427
25 10 71.43% 8.990375
25 11 69.44% 17.964869
25 12 67.57% 18.642142
25 14 64.10% 20.735545
26 15 63.41% 18.715693
26 16 61.90% 20.141021
26 17 60.47% 18.976302
26 18 59.09% 9.550923
26 20 56.52% 20.295587
27 20 57.45% 18.087576
28 20 58.33% 20.716768
29 20 59.18% 19.381160
30 20 60.00% 17.989329
31 21 59.62% 9.606892
31 22 58.49% 10.659348
32 23 58.18% 19.899806
33 24 57.89% 17.802348
33 25 56.90% 9.326170
34 25 57.63% 18.058675
34 26 56.67% 9.046961
