1 0 100.00% 0.377867
2 0 100.00% 0.328145
3 0 100.00% 0.829087
4 0 100.00% 0.455732
5 0 100.00% 1.672370
6 0 100.00% 1.324605
6 1 85.71% 0.640853
7 1 87.50% 1.024347
8 1 88.89% 1.370720
8 2 80.00% 0.342603
9 2 81.82% 1.009690
10 2 83.33% 0.987437
11 2 84.62% 0.435265
12 2 85.71% 0.496843
13 2 86.67% 0.661965
14 2 87.50% 0.945309
15 2 88.24% 1.004480
15 3 83.33% 0.236562
16 3 84.21% 1.338456
17 3 85.00% 1.799805
17 4 80.95% 0.072801
18 4 81.82% 2.792348
19 4 82.61% 0.690489
20 4 83.33% 1.551589
21 4 84.00% 1.991920
22 4 84.62% 2.172481
23 4 85.19% 0.984066
24 4 85.71% 1.278761
24 5 82.76% 1.165225
25 5 83.33% 0.590255
25 6 80.65% 1.368433
26 6 81.25% 1.454144
27 6 81.82% 1.311092
28 6 82.35% 1.389976
29 6 82.86% 1.935207
30 6 83.33% 1.518798
30 7 81.08% 0.056813
31 7 81.58% 1.856027
31 8 79.49% 1.244995
32 8 80.00% 0.752101
32 9 78.05% 0.919097
32 10 76.19% 0.266564
33 10 76.74% 0.737789
33 11 75.00% 0.484826
33 12 73.33% 0.328310
34 12 73.91% 0.881771
35 12 74.47% 0.880493
36 12 75.00% 0.742841
37 12 75.51% 0.572208
38 12 76.00% 0.546987
39 12 76.47% 0.373718
40 12 76.92% 0.629344
41 12 77.36% 0.330297
42 12 77.78% 0.329805
43 12 78.18% 0.381285
44 12 78.57% 0.474052
45 12 78.95% 0.334578
46 12 79.31% 0.505348
47 12 79.66% 0.345312
47 13 78.33% 0.132887
