1
6 0 2 571435 6 2 12 4 10 11 8 
1
2 1 8 618372 6 4 11 9 5 12 1 
1
12 2 17 4373537 6 8 4 7 6 10 3 
1
5 3 12 668300 6 8 10 9 12 1 11 
1
9 4 24 11211540 6 12 7 3 4 1 10 
1
6 5 37 4352970 6 1 3 10 8 4 5 
0
0
3
10 8 11 1141722 6 3 4 7 6 9 8 
9 8 24 1349711 6 6 5 11 1 7 8 
11 8 17 100168 6 5 8 4 1 6 12 
1
4 9 10 337412 6 5 12 1 6 7 11 
1
9 10 18 84478 6 11 2 6 1 3 4 
1
10 11 20 2793367 6 12 2 9 4 6 1 
1
2 12 15 270388 6 7 12 6 9 4 8 
0
2
3 14 49 2018019 6 6 10 1 7 4 12 
5 14 23 3005525 6 9 8 12 11 3 7 
1
4 15 31 5823688 6 10 8 6 7 11 5 
0
0
2
10 18 44 5230561 6 1 11 2 7 4 12 
8 18 19 675424 6 6 4 3 7 11 1 
2
5 19 52 11392230 6 3 4 7 6 11 8 
11 19 28 3021779 6 10 2 8 12 3 7 
1
10 20 22 51899 6 1 9 2 4 7 8 
1
1 21 59 16530988 6 5 11 3 10 8 12 
1
12 22 40 1302153 6 10 7 2 8 11 9 
1
4 23 37 1746844 6 6 8 7 10 1 5 
0
1
6 25 54 2928354 6 1 11 8 9 10 4 
0
3
1 27 46 592544 6 10 2 11 3 6 9 
11 27 50 234967 6 5 12 1 6 8 3 
9 27 36 2040570 6 8 6 5 11 7 2 
1
10 28 36 3253092 6 7 8 12 3 11 2 
1
7 29 34 208872 6 3 6 5 8 2 4 
1
5 30 39 2718712 6 2 4 9 8 12 3 
1
5 31 40 932536 6 2 6 7 8 4 10 
0
0
3
9 34 50 840269 6 10 4 12 2 11 5 
11 34 49 7584451 6 7 1 8 10 9 2 
1 34 56 8048380 6 3 8 2 5 4 12 
1
5 35 44 3453600 6 4 11 2 3 8 6 
1
11 36 37 252344 6 2 4 1 9 5 8 
0
2
9 38 55 11612905 6 5 7 4 2 8 6 
10 38 47 4568413 6 6 1 4 5 9 7 
0
2
3 40 46 423612 6 5 1 11 6 12 2 
6 40 47 3340461 6 12 10 9 7 2 4 
1
11 41 44 1209024 6 5 1 3 12 10 7 
1
4 42 45 931020 6 9 1 11 8 3 7 
1
6 43 45 101977 6 10 1 2 4 11 12 
0
2
12 45 46 659110 6 11 5 3 4 2 10 
11 45 52 983092 6 6 2 10 3 12 1 
1
11 46 58 1364352 6 7 8 4 12 9 5 
1
12 47 59 1864007 6 7 9 2 5 4 8 
1
8 48 53 253333 6 5 11 7 10 6 1 
1
8 49 53 31263 6 11 2 1 6 5 9 
0
2
5 51 59 2230841 6 10 2 6 3 8 7 
7 51 55 1148301 6 4 2 9 5 3 8 
1
7 52 54 614076 6 11 5 12 10 3 9 
0
0
2
2 55 56 89309 6 1 8 7 6 5 11 
9 55 58 630865 6 8 11 4 6 1 12 
2
4 56 59 2409288 6 10 1 2 12 6 8 
6 56 57 237552 6 8 5 10 1 9 7 
1
6 57 59 2976780 6 1 2 7 8 4 5 
1
11 58 59 109072 6 2 7 1 9 12 4 
1
6 59 59 290807 6 1 7 5 8 3 2 
