1
2 0 18 17417 4 11 12 5 8 
1
11 1 29 59940 4 12 6 8 3 
0
0
2
10 4 53 2635 4 11 6 5 9 
7 4 8 4964 4 10 6 3 4 
1
9 5 47 97326 4 7 8 2 11 
2
7 6 58 146857 4 2 4 6 10 
2 6 41 286610 4 1 3 12 9 
1
10 7 8 1973 4 2 12 8 3 
1
4 8 11 2923 4 1 3 12 2 
0
2
2 10 31 16434 4 10 6 3 1 
10 10 44 49273 4 1 6 11 7 
1
6 11 37 7030 4 11 10 9 4 
1
5 12 54 46035 4 6 9 3 2 
1
1 13 53 125296 4 7 6 5 4 
1
3 14 53 63052 4 9 12 7 10 
1
10 15 57 25129 4 2 5 11 7 
1
7 16 49 137547 4 12 5 4 1 
1
11 17 36 1618 4 3 12 1 2 
1
12 18 25 30075 4 4 9 8 5 
0
2
10 20 47 81816 4 8 12 11 2 
9 20 30 2819 4 1 5 2 10 
1
9 21 29 19116 4 11 4 3 2 
0
0
1
4 24 28 10188 4 3 7 1 8 
2
6 25 53 27123 4 5 10 12 9 
4 25 41 83291 4 12 6 9 5 
1
4 26 30 14331 4 5 9 8 10 
2
6 27 50 12698 4 7 10 2 12 
4 27 41 6259 4 12 7 1 11 
1
4 28 49 180173 4 10 11 7 12 
0
1
11 30 55 83478 4 1 8 2 9 
1
7 31 33 13573 4 12 11 5 2 
1
12 32 35 885 4 6 5 11 4 
2
8 33 44 2059 4 6 1 9 12 
3 33 40 42384 4 9 8 2 7 
1
4 34 36 2664 4 9 1 10 8 
1
6 35 38 36395 4 10 5 2 7 
0
1
2 37 42 30262 4 9 1 11 3 
2
6 38 44 15663 4 5 8 12 7 
5 38 43 19756 4 10 2 4 8 
0
0
3
11 41 52 29338 4 7 9 1 10 
2 41 44 914 4 5 4 10 8 
4 41 57 42097 4 1 11 2 8 
1
6 42 54 59246 4 8 10 5 2 
0
2
8 44 58 8376 4 11 4 3 1 
1 44 59 12928 4 7 12 6 4 
1
6 45 51 4133 4 12 11 3 1 
0
0
1
11 48 51 5675 4 10 6 5 4 
3
7 49 50 2908 4 10 3 4 2 
6 49 56 25028 4 5 7 3 2 
1 49 57 13593 4 11 9 5 6 
1
11 50 57 25972 4 8 9 3 5 
0
1
7 52 56 5878 4 8 10 2 4 
0
0
2
12 55 59 671 4 6 5 3 9 
6 55 57 5058 4 5 10 3 4 
3
11 56 57 3969 4 2 7 8 5 
8 56 58 2647 4 6 7 2 5 
7 56 57 1152 4 10 1 9 12 
1
1 57 59 18328 4 6 4 11 7 
1
9 58 59 19101 4 12 8 5 3 
1
2 59 59 323 4 8 5 7 9 
