1 0 100.00% 0.222068
2 0 100.00% 0.210422
3 0 100.00% 0.143141
4 0 100.00% 0.134162
5 0 100.00% 0.126669
6 0 100.00% 0.357242
7 0 100.00% 0.408955
8 0 100.00% 0.330612
9 0 100.00% 0.349092
10 0 100.00% 1.091078
11 0 100.00% 0.640443
11 1 91.67% 0.193107
11 2 84.62% 0.349489
11 3 78.57% 0.220263
11 4 73.33% 0.302238
11 5 68.75% 0.113418
12 5 70.59% 0.876609
12 6 66.67% 0.675714
13 6 68.42% 0.216573
13 7 65.00% 0.543891
14 7 66.67% 0.123078
15 7 68.18% 0.143091
16 7 69.57% 0.130402
16 8 66.67% 0.364233
17 8 68.00% 0.523876
18 8 69.23% 0.629851
18 9 66.67% 0.374675
18 10 64.29% 0.163859
19 10 65.52% 0.163228
20 10 66.67% 0.134116
20 11 64.52% 0.314241
21 11 65.62% 0.141721
22 11 66.67% 0.406563
22 12 64.71% 0.352916
22 13 62.86% 0.199428
23 13 63.89% 0.209454
24 13 64.86% 0.194038
25 13 65.79% 0.211271
26 13 66.67% 0.159960
27 13 67.50% 0.159148
28 13 68.29% 0.113770
29 13 69.05% 0.164562
30 13 69.77% 0.130992
31 13 70.45% 0.119004
32 13 71.11% 0.341828
33 13 71.74% 0.124627
34 13 72.34% 0.130083
35 13 72.92% 0.116164
36 13 73.47% 0.124639
37 13 74.00% 0.123618
38 13 74.51% 0.146482
39 13 75.00% 0.141392
40 13 75.47% 0.119900
41 13 75.93% 0.128725
42 13 76.36% 0.134078
43 13 76.79% 0.118893
44 13 77.19% 0.145077
45 13 77.59% 0.178462
46 13 77.97% 0.132081
47 13 78.33% 0.068731
