1 0 100.00% 6.344496
2 0 100.00% 6.769486
4 0 100.00% 6.359866
5 0 100.00% 6.991489
6 0 100.00% 6.409716
8 0 100.00% 6.290001
9 1 90.00% 3.163062
10 1 90.91% 6.091141
10 2 83.33% 3.225564
10 3 76.92% 6.555717
10 4 71.43% 6.782439
12 4 75.00% 6.318543
13 4 76.47% 6.551084
15 4 78.95% 6.435753
16 5 76.19% 3.156623
17 5 77.27% 6.305973
18 5 78.26% 5.765437
19 5 79.17% 5.771131
20 5 80.00% 5.684959
21 5 80.77% 5.612761
21 6 77.78% 5.687469
21 7 75.00% 2.825767
22 7 75.86% 5.646092
23 7 76.67% 5.725397
23 8 74.19% 5.646713
25 8 75.76% 5.625833
25 9 73.53% 5.634361
25 10 71.43% 5.607209
25 11 69.44% 5.652388
26 11 70.27% 5.678537
27 11 71.05% 5.642472
28 11 71.79% 5.765784
30 11 73.17% 5.613029
31 11 73.81% 5.765650
32 11 74.42% 5.776869
33 11 75.00% 5.801131
34 11 75.56% 5.691217
35 11 76.09% 5.773241
36 11 76.60% 5.837112
37 11 77.08% 5.670483
39 11 78.00% 6.289057
40 11 78.43% 6.391148
41 11 78.85% 6.309537
42 11 79.25% 6.297284
43 11 79.63% 7.363763
44 11 80.00% 6.487550
45 11 80.36% 8.421233
47 11 81.03% 6.508328
48 11 81.36% 6.483280
49 11 81.67% 3.438044
