1 0 100.00% 6.689217
2 0 100.00% 13.406006
3 0 100.00% 13.186516
4 0 100.00% 5.761253
5 0 100.00% 20.564823
6 0 100.00% 12.461538
6 1 85.71% 16.193664
7 1 87.50% 7.140949
8 1 88.89% 9.108479
9 1 90.00% 40.933153
9 2 81.82% 33.220642
10 2 83.33% 5.229466
11 2 84.62% 4.080076
12 2 85.71% 4.179747
12 3 80.00% 5.053207
13 3 81.25% 2.137981
13 4 76.47% 20.143941
13 5 72.22% 8.500216
13 6 68.42% 14.075880
14 6 70.00% 8.233454
15 6 71.43% 3.402954
15 7 68.18% 14.865906
16 7 69.57% 8.341039
17 7 70.83% 6.494380
17 8 68.00% 15.157569
17 9 65.38% 34.873611
18 9 66.67% 5.877071
19 9 67.86% 3.680757
19 10 65.52% 7.623899
20 10 66.67% 7.014645
20 11 64.52% 6.365198
20 12 62.50% 6.242280
20 13 60.61% 7.679062
21 13 61.76% 7.805890
21 14 60.00% 4.217548
22 14 61.11% 4.047916
23 14 62.16% 12.851888
23 15 60.53% 9.077737
23 16 58.97% 3.010959
23 17 57.50% 15.121717
24 17 58.54% 2.308535
25 17 59.52% 7.400059
25 18 58.14% 10.731926
25 19 56.82% 11.693642
25 20 55.56% 16.809215
25 21 54.35% 6.923680
26 21 55.32% 6.688186
26 22 54.17% 12.166861
26 23 53.06% 9.279945
27 23 54.00% 6.347532
28 23 54.90% 2.548153
29 23 55.77% 6.690371
30 23 56.60% 2.761294
31 23 57.41% 5.371343
32 23 58.18% 6.768029
33 23 58.93% 4.524608
34 23 59.65% 3.131984
35 23 60.34% 2.142177
36 23 61.02% 1.992574
37 23 61.67% 1.275107
