1
6 0 6 3182374 4 1 12 10 5 
0
1
12 2 15 1226181 4 6 4 8 11 
2
7 3 16 741218 4 12 6 4 5 
10 3 8 13300 4 3 2 7 1 
0
1
9 5 24 149832 4 2 5 7 12 
0
1
12 7 18 4308782 4 1 2 8 7 
2
7 8 23 5173627 4 11 5 9 4 
7 8 14 322078 4 4 8 10 3 
2
11 9 17 1257567 4 9 2 12 4 
7 9 49 25992802 4 2 12 8 11 
1
11 10 41 3872233 4 3 10 1 4 
1
7 11 15 407907 4 1 8 10 3 
1
9 12 15 1110859 4 4 8 7 6 
1
9 13 16 895615 4 2 10 8 11 
0
2
8 15 19 723921 4 11 1 2 6 
7 15 16 545778 4 12 8 11 9 
1
8 16 35 1070404 4 10 11 1 9 
0
2
10 18 25 2661168 4 8 3 12 2 
9 18 31 88519 4 10 7 6 3 
0
2
7 20 27 4435713 4 5 3 6 11 
8 20 22 21943 4 7 3 5 2 
1
3 21 34 2111260 4 4 2 1 9 
1
9 22 29 20228 4 1 3 10 5 
1
1 23 27 2512900 4 12 8 4 7 
1
7 24 37 8135048 4 11 12 8 10 
1
5 25 56 9555929 4 11 9 12 7 
1
4 26 31 1293707 4 12 1 9 7 
1
7 27 29 350791 4 8 3 9 11 
1
6 28 34 2878706 4 3 7 9 1 
1
3 29 34 161722 4 5 10 4 9 
0
1
7 31 36 3628320 4 5 11 12 4 
2
4 32 37 1725441 4 8 5 6 2 
5 32 38 2457811 4 2 10 9 12 
1
5 33 38 2960749 4 4 11 10 12 
1
6 34 37 590794 4 12 3 11 4 
1
3 35 38 750048 4 6 7 1 12 
1
2 36 47 1905585 4 11 4 9 6 
1
12 37 45 1754383 4 6 1 4 9 
1
11 38 40 509322 4 5 4 10 7 
0
2
4 40 54 1993707 4 3 1 8 12 
6 40 41 155410 4 7 5 8 9 
1
4 41 46 273310 4 9 6 12 3 
1
10 42 50 58514 4 8 2 5 6 
1
4 43 52 682571 4 5 2 10 12 
1
10 44 57 7606562 4 9 4 2 1 
1
6 45 51 364319 4 4 3 9 5 
1
2 46 50 292859 4 7 8 3 11 
1
6 47 56 490917 4 8 12 11 7 
0
2
12 49 57 603325 4 10 7 8 2 
1 49 53 289045 4 8 6 11 5 
1
7 50 51 1015578 4 8 1 2 9 
1
4 51 56 193349 4 12 7 9 8 
1
10 52 53 547282 4 5 1 7 6 
1
8 53 56 93311 4 11 2 12 5 
1
9 54 59 525688 4 12 2 8 10 
1
6 55 58 593126 4 10 9 7 5 
0
2
5 57 59 1990587 4 7 1 2 10 
9 57 58 515640 4 10 6 8 2 
1
8 58 59 109129 4 11 9 1 4 
1
5 59 59 170048 4 12 7 8 1 
