1 0 100.00% 1.324703
2 0 100.00% 0.868931
2 1 66.67% 0.970489
3 1 75.00% 2.426214
3 2 60.00% 4.958592
4 2 66.67% 2.685665
4 3 57.14% 1.785344
4 4 50.00% 0.195960
5 4 55.56% 0.691815
5 5 50.00% 1.493359
5 6 45.45% 0.598863
5 7 41.67% 2.257542
6 7 46.15% 0.719756
6 8 42.86% 1.961108
6 9 40.00% 2.097125
7 9 43.75% 1.213893
8 9 47.06% 0.910404
9 9 50.00% 1.231005
9 10 47.37% 2.804532
10 10 50.00% 2.032960
10 11 47.62% 1.078140
10 12 45.45% 1.340762
10 13 43.48% 0.158663
11 13 45.83% 0.325736
12 13 48.00% 1.000418
12 14 46.15% 0.501620
12 15 44.44% 0.225546
12 16 42.86% 2.547053
13 16 44.83% 1.482948
14 16 46.67% 1.288788
15 16 48.39% 1.352548
15 17 46.88% 1.726722
15 18 45.45% 0.174397
15 19 44.12% 1.547357
15 20 42.86% 0.105526
16 20 44.44% 0.815049
16 21 43.24% 1.002194
17 21 44.74% 0.634707
18 21 46.15% 1.018755
18 22 45.00% 0.794365
18 23 43.90% 0.075736
19 23 45.24% 0.780355
20 23 46.51% 0.567442
20 24 45.45% 0.050043
21 24 46.67% 0.656352
22 24 47.83% 0.458041
22 25 46.81% 0.055186
22 26 45.83% 0.302160
23 26 46.94% 0.693403
23 27 46.00% 1.260419
24 27 47.06% 0.317176
24 28 46.15% 0.243442
25 28 47.17% 0.327576
25 29 46.30% 0.315017
26 29 47.27% 0.311088
27 29 48.21% 0.306416
28 29 49.12% 0.328945
29 29 50.00% 0.313461
29 30 49.15% 0.279974
