1 0 100.00% 0.580466
2 0 100.00% 0.449575
3 0 100.00% 1.779818
4 0 100.00% 3.336937
5 0 100.00% 4.104868
6 0 100.00% 1.220222
7 0 100.00% 3.081027
8 0 100.00% 3.452392
8 1 88.89% 0.776899
8 2 80.00% 1.170138
8 3 72.73% 1.098892
8 4 66.67% 0.137843
8 5 61.54% 0.332796
9 5 64.29% 2.527141
9 6 60.00% 0.061150
10 6 62.50% 3.220922
11 6 64.71% 3.597010
11 7 61.11% 0.950293
11 8 57.89% 0.419474
12 8 60.00% 2.690171
12 9 57.14% 1.720417
12 10 54.55% 1.263173
12 11 52.17% 0.996529
13 11 54.17% 1.359133
14 11 56.00% 2.729614
15 11 57.69% 2.642144
16 11 59.26% 3.860161
16 12 57.14% 1.037678
16 13 55.17% 0.435563
17 13 56.67% 1.793568
18 13 58.06% 2.153453
19 13 59.38% 2.515361
19 14 57.58% 0.184892
19 15 55.88% 1.286785
19 16 54.29% 0.564549
19 17 52.78% 0.369752
20 17 54.05% 1.659115
20 18 52.63% 0.757873
21 18 53.85% 0.798988
22 18 55.00% 0.810240
23 18 56.10% 1.991487
24 18 57.14% 1.129528
24 19 55.81% 0.817669
25 19 56.82% 0.804355
26 19 57.78% 0.903752
27 19 58.70% 2.001692
28 19 59.57% 1.197951
28 20 58.33% 0.594209
29 20 59.18% 1.055373
29 21 58.00% 0.610051
30 21 58.82% 0.992081
30 22 57.69% 0.461060
31 22 58.49% 0.743217
32 22 59.26% 0.529905
33 22 60.00% 0.535329
34 22 60.71% 0.656954
35 22 61.40% 0.534806
36 22 62.07% 0.555998
37 22 62.71% 0.268909
38 22 63.33% 0.267198
