1 0 100.00% 28.777601
2 0 100.00% 28.341494
4 0 100.00% 33.219650
6 0 100.00% 31.522122
7 0 100.00% 28.382658
8 1 88.89% 29.776463
8 2 80.00% 16.062958
8 4 66.67% 29.422971
8 5 61.54% 14.184560
8 6 57.14% 14.364120
8 7 53.33% 28.578260
10 7 58.82% 29.343453
11 7 61.11% 28.280517
13 7 65.00% 28.251123
13 9 59.09% 31.187262
13 10 56.52% 30.666425
14 10 58.33% 29.839115
15 10 60.00% 28.205779
16 10 61.54% 29.318943
16 11 59.26% 28.621467
16 12 57.14% 28.493400
16 13 55.17% 29.205894
16 14 53.33% 28.496438
17 15 53.12% 30.297550
17 16 51.52% 16.746970
17 17 50.00% 29.725108
17 18 48.57% 15.943133
18 20 47.37% 29.344050
19 20 48.72% 33.132493
20 21 48.78% 28.973284
21 22 48.84% 15.861646
22 22 50.00% 31.512723
24 22 52.17% 14.949921
25 22 53.19% 29.381624
26 23 53.06% 32.809877
28 23 54.90% 31.611759
28 25 52.83% 15.845105
31 25 55.36% 29.467818
32 25 56.14% 29.211349
33 25 56.90% 30.029037
35 25 58.33% 14.554295
