1 0 100.00% 4.137885
2 0 100.00% 5.923818
3 0 100.00% 25.436813
3 1 75.00% 45.386590
3 2 60.00% 68.426464
3 3 50.00% 13.241369
3 4 42.86% 25.581029
4 4 50.00% 52.078283
4 5 44.44% 12.017391
4 6 40.00% 15.912186
4 7 36.36% 9.217801
4 8 33.33% 3.813477
4 9 30.77% 10.042112
5 9 35.71% 26.646681
5 10 33.33% 3.305308
5 11 31.25% 73.696598
5 12 29.41% 45.532851
5 13 27.78% 7.560075
5 14 26.32% 10.596753
5 15 25.00% 38.685849
5 16 23.81% 13.270378
5 17 22.73% 12.445904
5 18 21.74% 8.888160
5 19 20.83% 41.452830
5 20 20.00% 44.065987
5 21 19.23% 61.353332
5 22 18.52% 38.162135
5 23 17.86% 9.913499
6 23 20.69% 3.459287
7 23 23.33% 13.931084
8 23 25.81% 17.651750
9 23 28.12% 31.038418
10 23 30.30% 8.329875
10 24 29.41% 24.142300
10 25 28.57% 15.532555
11 25 30.56% 3.479321
12 25 32.43% 33.005023
13 25 34.21% 7.358613
14 25 35.90% 6.972309
15 25 37.50% 8.932188
16 25 39.02% 35.745143
16 26 38.10% 21.202548
17 26 39.53% 9.998828
18 26 40.91% 26.182532
19 26 42.22% 12.966732
19 27 41.30% 17.837240
20 27 42.55% 8.240683
21 27 43.75% 5.276968
22 27 44.90% 6.911781
23 27 46.00% 4.900623
23 28 45.10% 10.548561
24 28 46.15% 3.588551
24 29 45.28% 6.468794
25 29 46.30% 5.296970
26 29 47.27% 6.456756
27 29 48.21% 9.039687
27 30 47.37% 3.370945
28 30 48.28% 4.261583
29 30 49.15% 1.727623
30 30 50.00% 1.659898
