1
6 0 1 22649 7 9 8 4 3 1 7 5 
1
7 1 3 24063 7 9 12 11 10 6 3 8 
0
2
3 3 17 8494617 7 6 10 12 8 4 11 9 
4 3 29 6930025 7 5 10 3 11 7 12 2 
0
2
2 5 46 4423805 7 10 6 5 3 4 11 7 
11 5 11 1782874 7 3 6 1 4 2 8 10 
1
6 6 21 1915038 7 11 7 2 1 8 12 5 
0
2
3 8 38 477279 7 8 12 11 10 4 9 2 
4 8 13 455062 7 2 1 9 7 10 5 6 
1
2 9 17 107764 7 8 9 11 1 4 5 7 
0
2
6 11 15 3005878 7 2 3 12 7 5 1 11 
3 11 12 106085 7 2 5 12 9 8 7 6 
1
6 12 16 9183202 7 12 3 4 10 2 9 5 
0
1
10 14 28 10186500 7 2 9 4 3 12 11 8 
0
1
10 16 17 218940 7 8 11 2 9 6 4 12 
2
5 17 58 12368231 7 7 11 4 1 8 12 3 
2 17 41 7379025 7 7 11 10 5 4 1 9 
1
7 18 21 601603 7 11 10 8 2 5 3 4 
2
11 19 24 1510153 7 5 12 7 2 9 8 6 
7 19 38 69278 7 4 9 8 3 11 12 1 
0
2
5 21 27 1615496 7 4 2 3 8 11 6 10 
6 21 26 532613 7 12 2 11 8 3 4 5 
1
8 22 25 1121982 7 4 12 3 5 11 9 6 
1
12 23 38 330920 7 10 1 6 5 3 7 2 
1
9 24 45 1046634 7 11 1 12 7 3 4 8 
1
12 25 57 7594666 7 6 2 1 4 8 7 10 
1
12 26 47 9817792 7 11 4 8 9 7 10 6 
1
7 27 32 173710 7 11 4 9 8 5 6 3 
0
1
10 29 30 89734 7 9 8 7 11 6 5 1 
1
11 30 37 2105344 7 6 12 3 7 5 4 8 
2
10 31 41 3581679 7 7 11 9 4 6 12 8 
7 31 48 1751932 7 1 10 2 9 11 3 4 
0
1
12 33 37 554547 7 7 9 6 1 10 3 4 
1
8 34 47 7860108 7 10 2 4 3 11 1 12 
1
12 35 43 5717871 7 11 9 4 8 3 10 7 
0
0
3
11 38 39 101418 7 6 5 10 9 2 4 8 
6 38 56 329657 7 8 3 12 1 11 5 4 
9 38 41 1643761 7 2 12 7 11 5 4 8 
1
2 39 42 646318 7 5 7 10 1 6 9 11 
0
2
5 41 45 606896 7 7 12 4 1 2 3 11 
1 41 59 6755461 7 2 11 7 6 12 9 4 
2
9 42 53 421465 7 2 8 6 7 11 3 10 
12 42 46 1270987 7 4 5 3 11 7 9 8 
0
1
7 44 59 403721 7 3 11 6 10 2 8 12 
0
2
7 46 53 2678355 7 3 11 1 6 12 9 8 
9 46 56 9438964 7 2 1 5 10 8 11 6 
1
12 47 51 281193 7 8 10 1 5 4 7 9 
2
4 48 50 812587 7 3 8 9 5 7 1 10 
12 48 51 51028 7 6 4 1 5 7 9 8 
0
0
2
3 51 53 313674 7 5 6 2 7 12 9 8 
1 51 56 1342141 7 10 4 6 8 9 11 7 
0
2
6 53 54 663235 7 8 4 11 5 2 9 7 
12 53 55 1003338 7 9 1 2 8 3 6 4 
0
3
11 55 57 156916 7 9 6 3 4 8 5 7 
5 55 57 403403 7 2 4 6 11 10 3 8 
2 55 59 1173929 7 12 1 7 4 11 6 5 
0
1
3 57 58 864018 7 9 4 12 6 5 11 10 
1
8 58 59 234004 7 4 3 5 9 6 12 11 
2
3 59 59 90139 7 12 9 8 4 1 5 7 
9 59 59 12395 7 2 5 7 10 1 8 6 
