0 1 0.00% 0.529522
0 2 0.00% 0.044185
0 3 0.00% 0.358430
0 4 0.00% 0.207421
1 4 20.00% 0.851153
2 4 33.33% 0.142053
2 5 28.57% 0.567748
2 6 25.00% 0.062539
3 6 33.33% 0.150377
4 6 40.00% 2.612416
4 7 36.36% 0.991905
4 8 33.33% 0.694225
4 9 30.77% 0.041805
4 10 28.57% 0.166194
5 10 33.33% 1.620441
5 11 31.25% 0.589643
5 12 29.41% 0.064287
5 13 27.78% 0.135060
5 14 26.32% 0.265688
5 15 25.00% 0.694556
5 16 23.81% 0.325212
5 17 22.73% 0.310853
6 17 26.09% 0.633875
6 18 25.00% 0.230410
6 19 24.00% 1.446546
6 20 23.08% 0.061971
6 21 22.22% 0.328851
6 22 21.43% 0.197179
6 23 20.69% 0.364149
6 24 20.00% 0.410612
6 25 19.35% 0.358591
7 25 21.88% 0.332547
8 25 24.24% 0.333583
8 26 23.53% 0.101988
9 26 25.71% 0.536972
10 26 27.78% 0.166557
10 27 27.03% 0.101026
10 28 26.32% 0.641695
10 29 25.64% 0.281689
11 29 27.50% 0.148285
12 29 29.27% 0.188879
12 30 28.57% 0.065709
13 30 30.23% 0.209565
13 31 29.55% 0.082695
13 32 28.89% 0.075479
14 32 30.43% 0.259559
15 32 31.91% 0.256578
15 33 31.25% 0.356363
16 33 32.65% 0.426937
16 34 32.00% 0.056421
16 35 31.37% 0.161665
16 36 30.77% 0.311388
16 37 30.19% 0.276971
16 38 29.63% 0.104969
16 39 29.09% 0.065790
16 40 28.57% 0.042374
17 40 29.82% 0.142157
17 41 29.31% 0.110700
18 41 30.51% 0.115142
18 42 30.00% 0.036527
