1
1 0 6 15551 4 11 6 12 4 
1
2 1 2 17470 4 11 7 8 4 
1
1 2 8 13168 4 9 5 11 12 
1
6 3 9 36077 4 1 12 8 7 
1
8 4 21 30295 4 7 9 5 4 
0
1
2 6 8 1106 4 8 5 7 11 
1
8 7 17 8021 4 11 4 12 6 
1
8 8 10 4640 4 5 6 1 11 
0
3
2 10 12 1825 4 7 4 6 3 
7 10 58 98857 4 6 1 12 3 
10 10 27 19578 4 9 2 7 4 
0
1
4 12 25 31131 4 5 9 3 6 
1
2 13 14 10580 4 8 11 4 6 
1
9 14 18 8329 4 4 11 1 6 
1
3 15 43 33840 4 6 2 11 1 
0
3
11 17 27 3998 4 3 7 6 4 
7 17 18 255 4 6 11 5 4 
10 17 23 29911 4 2 3 4 8 
1
6 18 24 13043 4 4 3 7 1 
0
1
4 20 39 63518 4 2 3 8 11 
2
5 21 26 6436 4 6 1 4 10 
7 21 33 16147 4 8 12 10 4 
1
9 22 41 294 4 4 8 10 7 
1
3 23 27 11217 4 7 12 2 10 
1
10 24 53 69720 4 1 7 3 6 
0
1
7 26 28 2055 4 12 6 4 5 
1
8 27 42 47049 4 10 2 11 6 
1
2 28 31 559 4 5 11 3 9 
1
3 29 38 18185 4 7 9 12 8 
1
10 30 35 762 4 9 4 6 1 
1
1 31 48 61441 4 5 10 4 11 
2
8 32 37 2871 4 7 12 3 11 
1 32 39 5038 4 4 7 12 9 
1
10 33 35 9006 4 11 9 1 12 
0
0
3
9 36 48 13007 4 4 7 12 6 
12 36 38 1033 4 6 8 5 7 
10 36 37 678 4 12 2 7 6 
1
7 37 47 17998 4 5 11 9 8 
0
2
2 39 46 20073 4 11 6 12 5 
6 39 40 835 4 5 1 9 4 
0
1
3 41 57 2278 4 5 8 2 11 
1
1 42 44 10632 4 8 12 5 11 
2
6 43 58 4795 4 2 10 7 8 
1 43 47 10158 4 6 3 2 4 
0
1
7 45 46 889 4 2 6 12 5 
1
7 46 52 4019 4 12 3 1 9 
1
9 47 52 3777 4 11 8 7 3 
2
2 48 58 61922 4 1 10 7 11 
7 48 58 13143 4 1 2 3 4 
1
11 49 51 10463 4 2 1 4 7 
0
1
6 51 53 684 4 11 7 9 4 
2
9 52 59 38861 4 10 5 2 1 
9 52 57 18909 4 5 1 6 11 
1
7 53 55 2698 4 11 2 1 3 
1
11 54 56 31944 4 10 6 12 7 
0
1
1 56 57 23440 4 9 10 5 12 
0
3
8 58 59 410 4 12 1 11 2 
7 58 59 7979 4 9 10 3 11 
7 58 59 2319 4 3 4 8 12 
1
12 59 59 4579 4 1 3 10 5 
