1
6 0 5 6127 4 12 8 7 11 
1
5 1 5 37137 4 1 10 7 4 
0
1
12 3 6 6824 4 6 10 2 1 
2
4 4 11 10479 4 7 9 3 6 
2 4 53 70655 4 10 7 3 12 
1
4 5 21 16457 4 5 9 11 7 
1
4 6 7 2881 4 3 6 11 2 
0
2
12 8 27 125628 4 4 8 2 11 
12 8 26 31108 4 5 6 4 2 
1
6 9 14 13081 4 4 11 2 3 
1
4 10 12 4427 4 5 3 10 7 
1
7 11 19 10780 4 12 2 11 3 
1
3 12 18 47452 4 5 9 10 1 
1
1 13 19 31264 4 8 4 11 3 
0
2
8 15 20 5178 4 4 3 2 9 
5 15 32 38635 4 4 9 1 8 
1
7 16 18 7799 4 4 3 9 2 
0
1
1 18 24 19151 4 3 11 12 2 
1
10 19 25 14409 4 7 9 12 4 
2
7 20 37 3254 4 3 4 9 6 
5 20 34 21315 4 8 7 11 9 
1
8 21 35 7039 4 2 10 3 6 
0
1
2 23 45 12523 4 10 5 12 3 
2
2 24 26 3047 4 11 4 10 1 
5 24 31 2428 4 11 7 4 1 
1
1 25 58 38624 4 10 2 9 11 
1
1 26 36 878 4 12 11 4 7 
1
10 27 34 5042 4 4 5 6 8 
1
7 28 29 6199 4 9 5 4 6 
0
0
3
5 31 33 4605 4 12 6 4 2 
11 31 41 6007 4 2 10 3 1 
5 31 54 79034 4 10 3 12 6 
1
7 32 37 9160 4 5 1 3 12 
1
2 33 49 504 4 8 4 6 3 
1
10 34 49 11441 4 12 2 9 6 
0
2
4 36 42 842 4 2 5 9 1 
10 36 39 1538 4 12 9 4 11 
1
7 37 49 10098 4 3 4 10 6 
1
11 38 52 13093 4 1 6 10 9 
0
1
5 40 57 11653 4 6 1 2 4 
1
7 41 46 5976 4 3 9 10 5 
2
7 42 45 7193 4 8 12 4 6 
11 42 43 3442 4 9 10 8 3 
1
10 43 58 4185 4 9 6 12 8 
0
1
1 45 59 17017 4 4 6 12 5 
2
11 46 58 7716 4 8 6 4 7 
11 46 50 5848 4 9 6 12 2 
1
12 47 51 18216 4 11 4 9 10 
0
2
6 49 59 3020 4 12 1 11 10 
4 49 50 689 4 8 11 1 12 
1
7 50 58 5959 4 12 4 1 9 
1
9 51 55 5458 4 4 10 7 1 
0
2
4 53 54 2948 4 10 5 2 9 
2 53 59 10608 4 1 8 4 7 
1
11 54 59 1458 4 4 3 6 9 
1
7 55 59 2969 4 6 1 11 3 
1
11 56 57 1412 4 9 8 1 4 
1
2 57 59 4662 4 4 12 10 5 
0
1
4 59 59 4159 4 9 11 5 3 
