1
11 0 50 123598 4 6 9 12 10 
0
1
9 2 59 185321 4 1 8 12 5 
0
1
4 4 35 395555 4 9 1 5 6 
2
3 5 21 24449 4 12 8 4 9 
5 5 53 6811 4 2 10 6 12 
2
3 6 21 11084 4 6 9 8 11 
4 6 53 94032 4 3 10 8 12 
0
2
2 8 25 4681 4 3 1 4 12 
10 8 49 54301 4 7 2 5 1 
0
1
7 10 57 73464 4 11 1 4 5 
1
1 11 12 495 4 8 4 10 7 
0
1
11 13 36 6384 4 12 10 8 4 
2
2 14 52 77508 4 6 3 11 8 
7 14 44 16631 4 8 1 6 12 
1
7 15 22 47050 4 4 5 2 11 
1
6 16 56 254036 4 3 2 1 4 
1
1 17 34 105357 4 2 3 6 7 
1
1 18 45 18933 4 4 12 10 6 
2
11 19 52 44064 4 2 5 6 3 
3 19 52 39055 4 5 11 6 12 
0
1
8 21 46 41269 4 7 9 4 1 
2
1 22 44 43778 4 6 9 10 8 
8 22 40 25762 4 12 2 6 3 
0
2
2 24 29 14497 4 3 9 10 4 
9 24 50 78451 4 11 4 5 12 
1
9 25 58 93755 4 12 6 4 2 
1
12 26 40 5226 4 8 11 6 5 
0
2
8 28 55 27104 4 9 1 7 5 
2 28 30 3387 4 1 6 5 4 
0
2
12 30 45 31492 4 3 5 4 7 
6 30 36 1 4 10 1 2 5 
1
2 31 44 4197 4 11 3 9 7 
0
0
3
11 34 41 7130 4 9 3 2 4 
4 34 59 41628 4 6 12 3 1 
1 34 51 46989 4 2 8 11 4 
0
2
9 36 39 217 4 6 5 10 3 
4 36 43 76208 4 5 7 11 2 
1
10 37 42 41463 4 8 12 3 4 
1
9 38 56 37722 4 10 1 5 12 
1
4 39 44 10713 4 12 3 9 2 
0
2
3 41 50 15425 4 1 7 2 11 
8 41 51 13587 4 12 11 5 7 
1
11 42 52 23239 4 2 12 4 5 
0
0
2
2 45 54 30107 4 4 12 5 7 
7 45 58 16282 4 9 12 8 11 
1
3 46 53 15890 4 7 12 5 8 
0
1
3 48 55 13381 4 7 6 8 12 
2
10 49 52 6209 4 4 6 1 11 
8 49 58 3599 4 4 5 9 7 
2
4 50 51 16083 4 10 6 5 9 
8 50 53 6065 4 6 1 11 3 
1
7 51 58 49910 4 10 8 1 2 
1
12 52 59 15286 4 8 7 10 4 
1
12 53 58 11195 4 6 7 3 1 
0
1
3 55 56 2045 4 6 12 10 2 
1
4 56 59 986 4 2 10 1 8 
1
8 57 59 1253 4 12 9 5 11 
1
3 58 59 374 4 1 4 7 12 
2
6 59 59 753 4 10 5 3 1 
12 59 59 3805 4 9 5 4 3 
