0 1 0.00% 1.378138
0 2 0.00% 1.229745
1 2 33.33% 0.115252
1 3 25.00% 0.903675
2 3 40.00% 1.366964
2 4 33.33% 2.342014
2 5 28.57% 0.088527
2 6 25.00% 1.482338
3 6 33.33% 1.014610
3 7 30.00% 0.229973
3 8 27.27% 0.767525
3 9 25.00% 0.104061
3 10 23.08% 1.064925
4 10 28.57% 0.508504
5 10 33.33% 0.505335
5 11 31.25% 0.191873
5 12 29.41% 0.301608
6 12 33.33% 0.534096
7 12 36.84% 0.831019
7 13 35.00% 0.273944
7 14 33.33% 0.911008
7 15 31.82% 0.861576
8 15 34.78% 1.091259
9 15 37.50% 0.319534
9 16 36.00% 0.051994
9 17 34.62% 0.237330
9 18 33.33% 0.157452
9 19 32.14% 0.134376
10 19 34.48% 0.754902
10 20 33.33% 0.189373
10 21 32.26% 0.182641
10 22 31.25% 0.398876
10 23 30.30% 1.169914
11 23 32.35% 0.356538
11 24 31.43% 0.141120
11 25 30.56% 0.120017
12 25 32.43% 0.415384
13 25 34.21% 0.445899
14 25 35.90% 0.859163
14 26 35.00% 0.357771
15 26 36.59% 0.537272
16 26 38.10% 0.429491
17 26 39.53% 0.610913
17 27 38.64% 0.104821
17 28 37.78% 0.651055
17 29 36.96% 0.786351
18 29 38.30% 0.129850
18 30 37.50% 0.122497
18 31 36.73% 0.243679
18 32 36.00% 0.362081
18 33 35.29% 0.168525
19 33 36.54% 0.157015
20 33 37.74% 0.200138
21 33 38.89% 0.129659
22 33 40.00% 0.220332
22 34 39.29% 0.133131
22 35 38.60% 0.124038
22 36 37.93% 0.119347
22 37 37.29% 0.124857
22 38 36.67% 0.022061
