0
1
5 1 26 85160 4 1 6 4 12 
0
1
11 3 25 45319 4 1 7 10 4 
1
3 4 12 1345 4 2 11 10 6 
2
4 5 22 58759 4 2 7 3 8 
3 5 42 50680 4 1 2 10 7 
1
3 6 53 52305 4 6 11 7 5 
1
3 7 11 3627 4 5 6 10 12 
2
2 8 45 185067 4 3 7 12 4 
2 8 51 4950 4 3 10 9 1 
1
4 9 21 19084 4 12 11 9 1 
1
3 10 30 55364 4 4 6 1 7 
1
2 11 12 5593 4 3 11 6 4 
1
9 12 41 120150 4 6 12 4 5 
1
5 13 28 11582 4 11 7 6 4 
1
12 14 25 8622 4 1 6 2 5 
0
1
3 16 20 2551 4 5 6 1 4 
1
3 17 25 38621 4 6 2 7 9 
1
10 18 35 7828 4 1 6 2 9 
2
7 19 34 30419 4 6 4 11 3 
11 19 32 111727 4 12 9 1 8 
1
5 20 40 41191 4 10 6 8 3 
1
3 21 37 26620 4 8 12 4 11 
1
9 22 57 30088 4 8 7 10 4 
0
1
6 24 35 1137 4 1 5 3 2 
2
6 25 27 2749 4 8 9 4 10 
8 25 38 23902 4 1 3 4 10 
1
7 26 35 108014 4 9 5 10 4 
0
2
9 28 31 6299 4 4 7 12 3 
3 28 46 13414 4 8 7 11 9 
1
10 29 33 5221 4 12 4 6 3 
0
1
9 31 40 34716 4 10 4 2 11 
2
10 32 39 4597 4 3 8 2 11 
5 32 55 59908 4 2 10 3 8 
0
1
4 34 39 316 4 10 3 8 1 
2
2 35 41 31157 4 7 10 4 12 
7 35 38 6248 4 4 2 5 9 
1
5 36 46 8877 4 11 7 4 6 
1
7 37 48 11980 4 8 5 11 2 
0
1
1 39 56 22991 4 5 8 4 11 
2
10 40 50 46999 4 1 9 8 7 
9 40 50 4437 4 4 1 2 6 
1
6 41 48 4563 4 8 10 4 3 
0
2
1 43 56 2238 4 4 9 12 2 
3 43 45 5979 4 2 12 8 4 
1
7 44 55 23282 4 6 5 9 2 
1
6 45 59 40336 4 4 7 12 3 
1
6 46 47 1515 4 10 7 5 11 
1
12 47 48 2366 4 8 2 6 4 
1
2 48 54 10402 4 11 10 9 7 
1
4 49 57 29147 4 9 11 2 12 
0
2
11 51 58 42732 4 6 5 8 4 
12 51 52 1749 4 2 8 11 1 
0
1
8 53 56 4528 4 10 9 7 4 
1
9 54 55 489 4 5 1 8 12 
0
0
3
12 57 59 4168 4 6 1 8 4 
9 57 58 3309 4 12 2 3 6 
4 57 58 4056 4 10 1 7 3 
2
5 58 59 4283 4 7 12 3 8 
6 58 59 2025 4 8 9 1 4 
1
5 59 59 6700 4 9 12 6 3 
