0 1 0.00% 4.095687
1 1 50.00% 13.630348
1 2 33.33% 2.905253
2 2 50.00% 10.728585
3 2 60.00% 18.013810
3 3 50.00% 3.621212
4 3 57.14% 15.543602
4 4 50.00% 10.232921
5 4 55.56% 13.404994
5 5 50.00% 13.484497
5 6 45.45% 2.349133
5 7 41.67% 5.722794
6 7 46.15% 3.803637
6 8 42.86% 4.489086
6 9 40.00% 1.926247
6 10 37.50% 2.829002
6 11 35.29% 14.393398
6 12 33.33% 15.112107
6 13 31.58% 15.160133
6 14 30.00% 4.734348
6 15 28.57% 8.132345
6 16 27.27% 1.888677
6 17 26.09% 2.069731
6 18 25.00% 7.868824
6 19 24.00% 2.939960
6 20 23.08% 5.697353
6 21 22.22% 2.816816
7 21 25.00% 9.404933
7 22 24.14% 8.122897
7 23 23.33% 8.759394
7 24 22.58% 5.488756
7 25 21.88% 7.543198
7 26 21.21% 13.400717
7 27 20.59% 3.746719
7 28 20.00% 4.186752
7 29 19.44% 6.256211
7 30 18.92% 4.291009
7 31 18.42% 4.007689
8 31 20.51% 12.764025
8 32 20.00% 5.819408
8 33 19.51% 2.087048
8 34 19.05% 8.617195
9 34 20.93% 14.462516
9 35 20.45% 4.862986
10 35 22.22% 6.471100
10 36 21.74% 9.282435
10 37 21.28% 13.388781
11 37 22.92% 6.369262
12 37 24.49% 8.155262
12 38 24.00% 1.817375
12 39 23.53% 10.812789
12 40 23.08% 1.807178
12 41 22.64% 5.373486
12 42 22.22% 6.824854
12 43 21.82% 6.320920
12 44 21.43% 5.368492
12 45 21.05% 2.683469
12 46 20.69% 7.188715
12 47 20.34% 7.229501
12 48 20.00% 7.304055
12 49 19.67% 9.882122
12 50 19.35% 1.786456
12 51 19.05% 4.540667
12 52 18.75% 11.715115
12 53 18.46% 2.741187
12 54 18.18% 2.679577
12 55 17.91% 6.290882
12 56 17.65% 5.680999
12 57 17.39% 3.729077
12 58 17.14% 2.774504
12 59 16.90% 10.407648
12 60 16.67% 6.474833
13 60 17.81% 7.228542
13 61 17.57% 1.803228
13 62 17.33% 2.733132
13 63 17.11% 1.787014
13 64 16.88% 2.743306
13 65 16.67% 5.445512
13 66 16.46% 4.548729
13 67 16.25% 1.857532
13 68 16.05% 1.940810
13 69 15.85% 7.502070
13 70 15.66% 2.703258
13 71 15.48% 2.694655
14 71 16.47% 3.792646
14 72 16.28% 1.791997
14 73 16.09% 9.030263
14 74 15.91% 9.035710
14 75 15.73% 3.616619
15 75 16.67% 4.563575
16 75 17.58% 8.064696
16 76 17.39% 4.484020
16 77 17.20% 1.793272
16 78 17.02% 4.474312
17 78 17.89% 5.403704
17 79 17.71% 1.788674
18 79 18.56% 4.476280
18 80 18.37% 1.795005
18 81 18.18% 2.703307
18 82 18.00% 4.487394
18 83 17.82% 3.671192
18 84 17.65% 1.817651
18 85 17.48% 3.596336
18 86 17.31% 5.723312
18 87 17.14% 6.645701
18 88 16.98% 2.844163
18 89 16.82% 1.779692
18 90 16.67% 2.032741
19 90 17.43% 6.455310
19 91 17.27% 1.791078
19 92 17.12% 3.795902
20 92 17.86% 3.721579
20 93 17.70% 4.574229
20 94 17.54% 2.862745
20 95 17.39% 1.786995
20 96 17.24% 5.642011
20 97 17.09% 4.667529
20 98 16.95% 1.931540
20 99 16.81% 4.647407
20 100 16.67% 1.837429
20 101 16.53% 4.533506
20 102 16.39% 4.944839
20 103 16.26% 2.724444
21 103 16.94% 2.789178
21 104 16.80% 4.657818
21 105 16.67% 4.662859
21 106 16.54% 3.766472
21 107 16.41% 4.511302
21 108 16.28% 3.716909
21 109 16.15% 3.668533
21 110 16.03% 1.895163
21 111 15.91% 1.784774
21 112 15.79% 3.622806
21 113 15.67% 3.621653
21 114 15.56% 1.912119
21 115 15.44% 1.785440
22 115 16.06% 1.939676
22 116 15.94% 3.834049
22 117 15.83% 1.788758
22 118 15.71% 1.901474
22 119 15.60% 1.794959
22 120 15.49% 1.786476
22 121 15.38% 1.888723
23 121 15.97% 1.783617
23 122 15.86% 1.991299
23 123 15.75% 1.791451
23 124 15.65% 1.924347
23 125 15.54% 1.790062
23 126 15.44% 1.884978
23 127 15.33% 1.820153
23 128 15.23% 1.831088
23 129 15.13% 1.803794
23 130 15.03% 1.011607
23 131 14.94% 0.936501
23 132 14.84% 0.928870
23 133 14.74% 0.911765
23 134 14.65% 0.982218
23 135 14.56% 0.914127
23 136 14.47% 0.924906
23 137 14.37% 0.943320
