0 1 0.00% 0.262264
1 1 50.00% 0.293611
1 2 33.33% 0.102553
2 2 50.00% 0.472698
3 2 60.00% 0.377850
3 3 50.00% 0.070392
4 3 57.14% 0.548103
4 4 50.00% 0.166433
5 4 55.56% 0.493905
6 4 60.00% 0.844888
6 5 54.55% 0.100884
6 6 50.00% 0.421256
6 7 46.15% 0.116930
6 8 42.86% 0.192688
6 9 40.00% 0.034802
6 10 37.50% 0.045185
6 11 35.29% 0.491954
6 12 33.33% 0.445754
6 13 31.58% 0.558557
6 14 30.00% 0.292926
6 15 28.57% 0.116071
6 16 27.27% 0.095133
6 17 26.09% 0.096676
6 18 25.00% 0.279907
6 19 24.00% 0.062070
6 20 23.08% 0.323440
6 21 22.22% 0.044618
6 22 21.43% 0.560818
7 22 24.14% 0.248271
8 22 26.67% 0.567851
8 23 25.81% 0.270979
8 24 25.00% 0.233424
8 25 24.24% 0.472384
8 26 23.53% 0.194507
8 27 22.86% 0.226751
8 28 22.22% 0.176201
8 29 21.62% 0.084226
8 30 21.05% 0.185134
9 30 23.08% 0.515772
9 31 22.50% 0.107027
9 32 21.95% 0.033693
9 33 21.43% 0.542177
10 33 23.26% 0.288451
11 33 25.00% 0.346067
12 33 26.67% 0.284946
13 33 28.26% 0.633621
14 33 29.79% 0.682046
14 34 29.17% 0.340319
15 34 30.61% 0.459174
15 35 30.00% 0.029996
16 35 31.37% 0.546832
16 36 30.77% 0.036988
16 37 30.19% 0.091281
16 38 29.63% 0.127729
16 39 29.09% 0.113956
16 40 28.57% 0.222185
16 41 28.07% 0.070108
16 42 27.59% 0.138892
16 43 27.12% 0.149907
16 44 26.67% 0.137670
16 45 26.23% 0.315535
16 46 25.81% 0.040562
16 47 25.40% 0.319045
16 48 25.00% 0.415705
16 49 24.62% 0.057155
16 50 24.24% 0.117041
16 51 23.88% 0.120986
16 52 23.53% 0.091064
16 53 23.19% 0.080543
16 54 22.86% 0.071954
16 55 22.54% 0.598726
16 56 22.22% 0.416948
17 56 23.29% 0.522798
17 57 22.97% 0.036124
17 58 22.67% 0.046499
17 59 22.37% 0.072831
17 60 22.08% 0.053617
17 61 21.79% 0.113384
17 62 21.52% 0.281103
17 63 21.25% 0.044347
17 64 20.99% 0.042429
17 65 20.73% 0.275408
17 66 20.48% 0.053197
17 67 20.24% 0.131680
17 68 20.00% 0.220344
17 69 19.77% 0.132387
17 70 19.54% 0.204768
17 71 19.32% 0.323794
17 72 19.10% 0.165705
18 72 20.00% 0.165948
19 72 20.88% 0.308208
19 73 20.65% 0.087471
19 74 20.43% 0.030727
19 75 20.21% 0.094316
20 75 21.05% 0.355685
20 76 20.83% 0.036523
21 76 21.65% 0.262403
21 77 21.43% 0.041505
21 78 21.21% 0.066614
21 79 21.00% 0.104176
21 80 20.79% 0.089249
21 81 20.59% 0.144204
21 82 20.39% 0.177502
21 83 20.19% 0.375591
22 83 20.95% 0.262320
22 84 20.75% 0.049833
22 85 20.56% 0.043938
22 86 20.37% 0.046988
23 86 21.10% 0.469015
23 87 20.91% 0.039195
23 88 20.72% 0.064330
23 89 20.54% 0.207017
23 90 20.35% 0.184940
23 91 20.18% 0.054487
23 92 20.00% 0.040149
23 93 19.83% 0.311550
23 94 19.66% 0.179511
23 95 19.49% 0.065214
23 96 19.33% 0.109776
23 97 19.17% 0.115203
23 98 19.01% 0.108665
23 99 18.85% 0.293786
23 100 18.70% 0.086115
23 101 18.55% 0.109189
23 102 18.40% 0.207834
24 102 19.05% 0.345074
24 103 18.90% 0.080137
25 103 19.53% 0.361482
25 104 19.38% 0.107895
25 105 19.23% 0.246220
25 106 19.08% 0.073901
25 107 18.94% 0.076063
25 108 18.80% 0.204856
25 109 18.66% 0.184897
25 110 18.52% 0.051130
25 111 18.38% 0.142128
26 111 18.98% 0.127032
26 112 18.84% 0.039557
27 112 19.42% 0.141218
27 113 19.29% 0.078465
28 113 19.86% 0.136049
28 114 19.72% 0.033760
28 115 19.58% 0.065766
28 116 19.44% 0.115346
28 117 19.31% 0.132228
29 117 19.86% 0.135362
29 118 19.73% 0.124213
29 119 19.59% 0.076712
29 120 19.46% 0.133280
29 121 19.33% 0.113804
29 122 19.21% 0.041538
29 123 19.08% 0.127359
29 124 18.95% 0.022536
29 125 18.83% 0.065241
29 126 18.71% 0.059538
29 127 18.59% 0.052196
29 128 18.47% 0.022070
29 129 18.35% 0.042614
29 130 18.24% 0.024179
29 131 18.12% 0.020631
