0 1 0.00% 13.670808
1 1 50.00% 41.786679
1 2 33.33% 10.761127
2 2 50.00% 34.540491
3 2 60.00% 60.895944
3 3 50.00% 13.020984
4 3 57.14% 56.904723
4 4 50.00% 32.137181
5 4 55.56% 45.184422
5 5 50.00% 46.009434
5 6 45.45% 6.756074
6 6 50.00% 19.954967
6 7 46.15% 11.826410
6 8 42.86% 15.133129
6 9 40.00% 6.102310
6 10 37.50% 9.154022
6 11 35.29% 49.169452
6 12 33.33% 53.866596
6 13 31.58% 54.877651
7 13 35.00% 15.892727
7 14 33.33% 25.322863
7 15 31.82% 6.113383
7 16 30.43% 6.148918
7 17 29.17% 24.897810
7 18 28.00% 10.192192
8 18 30.77% 19.908268
8 19 29.63% 9.848554
9 19 32.14% 31.899465
9 20 31.03% 28.213460
10 20 33.33% 24.456502
10 21 32.26% 18.470516
10 22 31.25% 24.461585
10 23 30.30% 41.762211
10 24 29.41% 11.945598
11 24 31.43% 13.014866
11 25 30.56% 21.383553
11 26 29.73% 12.988906
11 27 28.95% 12.439766
12 27 30.77% 40.182761
12 28 30.00% 18.492821
12 29 29.27% 7.698733
12 30 28.57% 25.685982
13 30 30.23% 45.239707
13 31 29.55% 16.857897
14 31 31.11% 23.936856
15 31 32.61% 33.892044
15 32 31.91% 38.537044
16 32 33.33% 20.975572
17 32 34.69% 26.952651
17 33 34.00% 5.916101
18 33 35.29% 36.463265
18 34 34.62% 5.919176
18 35 33.96% 17.665714
18 36 33.33% 20.751596
18 37 32.73% 20.840018
18 38 32.14% 17.601863
18 39 31.58% 8.756909
18 40 31.03% 24.707124
18 41 30.51% 24.028243
18 42 30.00% 23.876122
18 43 29.51% 33.358507
18 44 29.03% 5.901063
18 45 28.57% 14.672133
18 46 28.12% 39.737420
18 47 27.69% 8.833075
18 48 27.27% 8.723581
18 49 26.87% 20.842563
18 50 26.47% 17.275920
18 51 26.09% 11.817569
18 52 25.71% 8.988979
18 53 25.35% 33.759824
19 53 26.39% 20.686260
20 53 27.40% 23.753359
20 54 27.03% 5.858395
20 55 26.67% 8.890990
20 56 26.32% 5.888214
20 57 25.97% 8.791467
20 58 25.64% 17.585082
20 59 25.32% 14.706554
20 60 25.00% 5.870439
20 61 24.69% 6.272372
20 62 24.39% 24.046802
20 63 24.10% 8.871245
20 64 23.81% 8.792247
21 64 24.71% 11.802907
21 65 24.42% 5.850917
21 66 24.14% 29.947725
21 67 23.86% 30.717081
21 68 23.60% 11.848328
22 68 24.44% 14.719457
23 68 25.27% 27.086256
23 69 25.00% 14.742760
23 70 24.73% 5.939577
23 71 24.47% 14.695896
23 72 24.21% 17.722832
23 73 23.96% 5.928877
24 73 24.74% 15.265087
24 74 24.49% 6.001738
24 75 24.24% 8.816525
24 76 24.00% 15.101773
24 77 23.76% 11.838108
24 78 23.53% 5.855829
24 79 23.30% 11.852349
24 80 23.08% 19.158490
24 81 22.86% 21.893716
24 82 22.64% 9.177442
24 83 22.43% 6.673239
24 84 22.22% 5.968251
25 84 22.94% 21.090607
25 85 22.73% 6.044357
25 86 22.52% 11.862917
26 86 23.21% 11.924927
26 87 23.01% 14.994327
26 88 22.81% 8.928049
26 89 22.61% 5.961135
26 90 22.41% 17.967850
26 91 22.22% 14.933746
26 92 22.03% 5.939375
26 93 21.85% 15.410075
26 94 21.67% 6.512512
26 95 21.49% 15.039107
26 96 21.31% 15.076506
26 97 21.14% 9.015456
26 98 20.97% 8.966251
26 99 20.80% 15.723108
26 100 20.63% 15.172014
26 101 20.47% 11.840677
26 102 20.31% 15.156897
26 103 20.16% 12.820314
27 103 20.77% 11.939961
27 104 20.61% 6.016032
27 105 20.45% 5.910029
27 106 20.30% 12.024266
27 107 20.15% 12.952498
27 108 20.00% 5.988135
27 109 19.85% 5.971688
28 109 20.44% 5.965068
28 110 20.29% 6.053401
29 110 20.86% 6.129224
29 111 20.71% 5.935617
29 112 20.57% 5.967096
29 113 20.42% 5.937972
29 114 20.28% 6.030313
29 115 20.14% 5.994064
29 116 20.00% 5.966144
29 117 19.86% 5.913169
29 118 19.73% 5.973423
29 119 19.59% 6.049163
29 120 19.46% 5.951034
29 121 19.33% 6.253550
29 122 19.21% 5.996629
29 123 19.08% 6.065436
29 124 18.95% 3.215271
29 125 18.83% 3.082598
29 126 18.71% 3.070724
29 127 18.59% 3.142707
29 128 18.47% 3.028317
30 128 18.99% 3.008304
30 129 18.87% 3.043311
30 130 18.75% 3.083961
