8
2 0 3 15704 4 8 3 7 9 
4 0 12 8988 4 9 7 1 2 
12 0 2 8046 4 6 8 10 2 
9 0 9 17916 4 12 10 8 4 
6 0 17 1517 4 8 10 4 3 
12 0 3 17452 4 8 10 3 1 
5 0 16 4981 4 4 6 12 7 
5 0 9 38218 4 4 9 7 2 
8
6 1 14 589 4 8 5 11 2 
1 1 13 16497 4 9 5 7 11 
7 1 2 4569 4 8 6 5 12 
12 1 6 2152 4 9 3 10 6 
4 1 4 2258 4 9 2 1 8 
2 1 5 4102 4 3 11 7 8 
2 1 2 843 4 12 5 6 11 
6 1 3 6424 4 7 4 11 12 
8
3 2 16 74682 4 5 6 4 1 
7 2 17 65681 4 12 4 10 2 
8 2 17 58139 4 4 3 2 6 
7 2 6 910 4 8 12 4 10 
6 2 9 15236 4 10 2 12 11 
7 2 3 1563 4 10 2 6 3 
7 2 3 1523 4 1 11 10 9 
2 2 9 4008 4 6 9 10 7 
0
8
1 4 6 2487 4 11 7 6 10 
2 4 9 2783 4 7 4 12 6 
9 4 6 12363 4 7 11 10 12 
1 4 13 8190 4 3 7 4 11 
10 4 12 152 4 8 7 9 1 
3 4 11 1006 4 12 9 10 4 
4 4 9 5935 4 3 8 7 9 
7 4 11 25501 4 11 6 3 1 
8
7 5 17 47907 4 5 12 2 9 
12 5 8 3887 4 1 3 7 6 
7 5 8 5820 4 3 6 4 9 
9 5 10 3619 4 12 3 8 2 
8 5 8 15743 4 1 11 10 5 
6 5 8 9160 4 4 1 9 5 
6 5 17 1679 4 12 1 11 4 
11 5 10 27516 4 7 12 4 5 
8
1 6 7 5749 4 9 12 10 7 
4 6 13 13324 4 7 12 1 3 
11 6 19 2420 4 6 8 4 10 
10 6 10 2007 4 5 1 3 2 
12 6 12 2340 4 9 4 8 1 
7 6 15 13336 4 9 4 6 5 
7 6 17 10987 4 4 12 10 2 
9 6 12 287 4 1 2 11 7 
16
9 7 15 2723 4 7 10 2 1 
7 7 8 5719 4 8 9 6 4 
2 7 18 1356 4 4 11 6 8 
5 7 8 7298 4 6 4 9 7 
7 7 12 37843 4 11 4 9 1 
11 7 13 18306 4 3 1 7 10 
12 7 13 22845 4 1 9 3 8 
2 7 12 15776 4 8 1 4 10 
9 7 9 13183 4 1 11 2 5 
5 7 14 29173 4 3 7 6 8 
1 7 14 75912 4 12 10 7 8 
1 7 14 41085 4 12 3 10 4 
9 7 17 45227 4 7 11 5 2 
3 7 8 9521 4 10 4 9 8 
3 7 11 3248 4 2 11 6 9 
12 7 19 36732 4 3 9 8 1 
8
9 8 10 939 4 2 8 12 4 
1 8 10 402 4 8 3 6 9 
12 8 14 15795 4 7 8 11 4 
5 8 12 14682 4 10 2 6 4 
10 8 11 10842 4 3 4 8 9 
7 8 10 16610 4 1 3 2 9 
10 8 18 23705 4 1 6 2 9 
6 8 14 5777 4 3 8 11 5 
8
10 9 16 4738 4 3 9 4 6 
8 9 10 551 4 11 12 4 1 
7 9 11 1287 4 5 3 6 9 
10 9 10 969 4 12 9 5 6 
9 9 11 11452 4 12 6 8 3 
1 9 14 35976 4 11 12 6 4 
11 9 13 4999 4 7 12 4 5 
8 9 10 2256 4 3 12 10 1 
8
6 10 11 3802 4 1 3 8 4 
1 10 17 18349 4 4 2 11 12 
3 10 12 13681 4 11 12 5 7 
5 10 12 1112 4 2 12 8 11 
6 10 13 558 4 1 11 10 5 
3 10 11 113 4 7 1 11 5 
1 10 19 103392 4 9 8 5 12 
3 10 19 43238 4 1 2 6 8 
8
2 11 14 14990 4 10 4 3 11 
4 11 15 1661 4 5 3 7 8 
4 11 19 4986 4 2 7 6 9 
4 11 15 14054 4 2 9 11 10 
7 11 12 1211 4 2 9 6 1 
10 11 15 16339 4 6 4 11 2 
2 11 16 2433 4 9 4 10 8 
2 11 12 10541 4 11 3 4 12 
0
16
7 13 17 342 4 9 5 12 1 
5 13 14 8179 4 2 12 3 4 
11 13 15 21874 4 5 3 8 7 
8 13 17 22460 4 6 4 3 9 
8 13 16 12102 4 9 6 3 2 
8 13 14 819 4 9 5 6 7 
8 13 16 8974 4 5 3 10 7 
1 13 18 11419 4 3 11 6 7 
4 13 19 2825 4 11 9 10 8 
10 13 15 14116 4 3 9 2 5 
12 13 14 7302 4 11 6 4 5 
12 13 14 3119 4 1 6 10 5 
6 13 19 7208 4 5 12 10 1 
12 13 14 10259 4 8 5 2 1 
4 13 16 38714 4 6 8 12 2 
2 13 16 869 4 11 3 1 4 
8
9 14 18 5339 4 2 1 12 5 
4 14 16 4365 4 3 10 9 1 
3 14 15 3799 4 9 10 12 5 
9 14 19 5528 4 5 3 12 2 
10 14 18 7666 4 3 2 4 6 
11 14 15 3095 4 1 5 2 6 
3 14 18 10229 4 10 7 5 8 
11 14 15 208 4 7 3 4 12 
8
3 15 19 20635 4 8 5 7 11 
8 15 19 7301 4 5 10 2 9 
7 15 17 5310 4 5 3 4 12 
8 15 17 2331 4 9 1 3 2 
4 15 19 11048 4 11 1 10 7 
6 15 19 754 4 5 3 2 1 
1 15 18 17448 4 8 7 2 11 
1 15 19 2440 4 11 10 3 12 
8
6 16 19 4290 4 2 10 12 8 
5 16 19 3714 4 7 12 3 1 
9 16 17 3217 4 3 1 7 8 
2 16 17 2814 4 6 4 5 12 
6 16 19 2009 4 9 12 4 2 
8 16 19 11636 4 6 12 7 11 
8 16 17 10821 4 3 9 11 1 
12 16 17 2412 4 7 5 8 2 
0
16
9 18 19 477 4 4 11 6 12 
4 18 19 4853 4 9 1 8 7 
1 18 19 936 4 8 4 11 6 
11 18 19 3874 4 3 10 9 7 
8 18 19 1569 4 10 7 11 4 
5 18 19 5222 4 7 12 1 11 
9 18 19 3354 4 7 12 2 4 
9 18 19 1798 4 7 2 4 5 
3 18 19 2324 4 4 2 10 8 
2 18 19 672 4 9 1 8 3 
11 18 19 1115 4 4 9 8 5 
4 18 19 2021 4 10 9 3 12 
12 18 19 1393 4 7 11 4 10 
4 18 19 1172 4 12 2 9 3 
2 18 19 9117 4 9 6 10 5 
9 18 19 1005 4 12 8 5 1 
8
5 19 19 4347 4 12 1 6 7 
3 19 19 1361 4 1 6 2 11 
6 19 19 912 4 3 10 4 1 
3 19 19 1362 4 12 6 1 4 
1 19 19 2955 4 7 3 5 9 
1 19 19 866 4 7 4 5 3 
9 19 19 2656 4 4 10 8 2 
1 19 19 4140 4 2 6 8 9 
