1
9 0 1 444492 15 20 3 10 16 18 19 1 6 13 8 15 11 17 2 12 
1
17 1 3 1036526 15 5 6 4 19 12 9 11 1 14 3 15 13 8 2 10 
0
2
1 3 4 704654 15 10 8 4 20 18 16 9 6 12 2 17 5 15 7 11 
5 3 9 89041 15 11 4 14 1 16 2 6 15 13 18 12 7 9 10 3 
0
1
1 5 10 389946 15 5 6 16 2 9 13 17 19 7 15 8 14 10 18 20 
1
12 6 16 4443497 15 13 16 20 2 10 17 15 18 3 9 6 7 11 1 5 
2
16 7 9 291264 15 17 2 11 20 4 3 14 8 6 10 1 5 19 13 9 
6 7 13 437759 15 20 19 10 2 18 16 12 3 1 13 9 17 8 7 11 
0
2
16 9 16 20942 15 17 3 11 5 10 6 9 8 12 15 2 1 13 19 14 
15 9 18 1030289 15 14 2 5 18 20 13 9 3 10 7 12 17 1 19 11 
1
20 10 13 382252 15 18 15 19 16 7 17 10 9 3 12 13 8 14 1 11 
0
2
19 12 16 4775124 15 3 5 13 4 18 9 12 1 15 6 11 16 17 7 14 
8 12 14 8407 15 5 15 19 1 10 13 17 18 4 7 9 12 20 11 2 
1
13 13 14 210606 15 12 14 18 20 17 10 2 3 19 1 5 6 16 4 7 
0
1
10 15 19 669469 15 19 6 11 12 8 14 16 5 3 18 1 9 4 17 15 
1
20 16 18 13088 15 2 16 19 7 8 14 3 9 6 10 11 1 12 17 4 
2
3 17 19 122152 15 15 6 14 10 9 17 20 18 16 7 8 12 5 19 1 
11 17 18 41648 15 6 19 2 14 4 13 10 20 1 9 8 7 3 15 12 
0
1
14 19 19 150459 15 4 2 8 6 15 11 12 1 10 17 19 9 5 3 18 
