1 0 100.00% 1130.951803
1 1 50.00% 59.536410
1 2 33.33% 30.288865
1 3 25.00% 121.676431
1 4 20.00% 19.705614
2 4 33.33% 111.092374
2 5 28.57% 226.366048
2 6 25.00% 99.947617
2 7 22.22% 35.904192
2 8 20.00% 18.303532
2 9 18.18% 153.471307
2 10 16.67% 104.273242
2 11 15.38% 35.918751
2 12 14.29% 161.946242
2 13 13.33% 141.346624
2 14 12.50% 85.502588
3 14 17.65% 125.937614
3 15 16.67% 98.666433
4 15 21.05% 18.358155
5 15 25.00% 76.036876
5 16 23.81% 28.626980
6 16 27.27% 132.282336
7 16 30.43% 60.476550
7 17 29.17% 133.750724
8 17 32.00% 90.661899
8 18 30.77% 36.972676
8 19 29.63% 18.398989
8 20 28.57% 19.244268
8 21 27.59% 38.691917
8 22 26.67% 27.539783
8 23 25.81% 19.024630
9 23 28.12% 48.037866
10 23 30.30% 63.427561
10 24 29.41% 17.936651
11 24 31.43% 26.781749
12 24 33.33% 17.850192
13 24 35.14% 26.741640
13 25 34.21% 17.854806
13 26 33.33% 17.989925
13 27 32.50% 9.113884
