0 1 0.00% 42.038772
1 1 50.00% 8.663191
2 1 66.67% 4.894812
2 2 50.00% 19.832220
2 3 40.00% 3.159936
2 4 33.33% 16.641613
2 5 28.57% 32.736224
2 6 25.00% 14.986369
2 7 22.22% 5.404668
2 8 20.00% 2.693834
2 9 18.18% 22.397708
2 10 16.67% 15.751723
2 11 15.38% 5.431550
3 11 21.43% 25.599561
3 12 20.00% 22.412620
3 13 18.75% 15.015146
4 13 23.53% 18.536466
5 13 27.78% 14.912701
5 14 26.32% 2.821862
5 15 25.00% 11.541090
5 16 23.81% 4.435299
5 17 22.73% 18.809132
5 18 21.74% 8.721484
5 19 20.83% 20.041226
6 19 24.00% 14.850338
7 19 26.92% 5.708734
7 20 25.93% 2.848737
7 21 25.00% 2.804464
7 22 24.14% 5.746762
7 23 23.33% 5.318772
8 23 25.81% 3.065143
9 23 28.12% 7.022471
10 23 30.30% 9.485417
10 24 29.41% 2.697250
11 24 31.43% 4.079831
11 25 30.56% 2.788080
11 26 29.73% 4.196403
11 27 28.95% 2.702440
11 28 28.21% 2.697508
11 29 27.50% 1.354319
