1
5 0 27 46471 6 10 8 3 7 4 11 
1
12 1 6 3417 6 1 6 5 8 9 2 
1
3 2 4 27 6 5 7 6 12 4 11 
0
2
2 4 15 59778 6 9 11 3 8 1 5 
3 4 5 1646 6 7 11 4 5 6 9 
1
12 5 15 7129 6 4 3 11 9 2 5 
1
5 6 29 57878 6 11 10 7 3 2 9 
1
1 7 17 13594 6 10 11 6 7 12 9 
1
11 8 11 29668 6 12 3 4 9 1 5 
1
1 9 10 2594 6 6 4 8 2 10 7 
0
1
7 11 26 64736 6 6 3 12 2 9 1 
1
2 12 22 27239 6 8 7 9 4 11 6 
2
6 13 16 44149 6 9 3 4 11 12 10 
1 13 29 7133 6 3 6 12 11 2 8 
1
5 14 28 34383 6 3 2 4 12 1 10 
1
3 15 23 24708 6 11 5 2 1 10 7 
1
5 16 28 2172 6 9 11 10 7 1 2 
1
7 17 26 14409 6 5 11 3 9 2 10 
1
4 18 19 775 6 11 12 2 5 10 9 
1
11 19 26 4245 6 5 12 1 3 10 9 
1
8 20 22 4344 6 12 10 11 5 9 6 
1
5 21 33 7241 6 3 9 1 7 6 8 
1
10 22 27 354 6 4 11 6 5 7 1 
1
7 23 35 37620 6 5 9 2 12 11 4 
0
1
6 25 33 7518 6 2 3 5 8 10 12 
0
2
8 27 30 1912 6 11 10 3 2 1 7 
4 27 28 1954 6 11 1 7 9 8 3 
2
2 28 29 796 6 3 10 1 12 5 8 
3 28 31 12124 6 9 12 10 7 1 4 
1
12 29 31 25141 6 2 9 10 3 11 5 
1
6 30 31 1690 6 1 5 3 2 4 9 
0
0
2
3 33 37 410 6 5 6 11 7 9 8 
2 33 39 4393 6 4 5 10 9 1 11 
1
10 34 35 6958 6 2 9 11 3 6 7 
1
9 35 37 4035 6 8 12 7 3 2 5 
1
7 36 37 1796 6 10 5 8 11 12 3 
2
6 37 39 355 6 11 9 3 4 7 12 
7 37 38 2571 6 8 5 4 10 3 11 
1
5 38 39 3808 6 1 6 7 8 11 12 
1
10 39 39 1025 6 3 7 6 4 11 12 
