1
6 0 48 19717 6 8 2 3 7 9 12 
1
6 1 17 382 6 8 1 9 3 12 7 
0
1
5 3 12 18879 6 11 1 10 6 9 12 
2
4 4 26 29713 6 1 3 6 11 2 8 
10 4 49 77174 6 8 9 7 6 1 11 
1
4 5 31 2883 6 3 1 8 9 5 2 
0
1
2 7 29 64078 6 12 3 5 10 4 9 
0
2
1 9 15 27388 6 4 2 5 9 7 10 
8 9 16 1801 6 6 3 12 2 7 9 
1
11 10 38 80843 6 3 7 8 12 6 10 
0
2
7 12 16 13301 6 10 12 9 4 1 5 
9 12 39 96084 6 7 1 3 8 6 5 
2
8 13 39 4403 6 7 11 10 9 4 1 
2 13 26 9417 6 4 6 10 12 1 5 
0
0
2
1 16 37 58722 6 7 12 2 8 4 6 
7 16 43 4600 6 4 1 8 10 2 12 
2
10 17 28 931 6 2 9 8 11 1 6 
1 17 35 446 6 10 11 7 8 9 12 
0
0
0
1
7 21 45 61387 6 1 4 8 6 9 5 
3
6 22 54 30861 6 10 1 3 8 9 2 
2 22 30 7803 6 5 3 4 12 10 6 
9 22 37 25211 6 2 5 4 12 3 10 
0
1
7 24 27 15715 6 12 11 8 2 10 5 
3
1 25 26 1014 6 4 12 10 8 3 2 
7 25 32 3776 6 5 8 4 3 12 6 
4 25 34 28310 6 11 9 10 12 3 1 
1
1 26 29 6365 6 2 9 11 6 8 5 
1
8 27 55 65273 6 9 4 3 6 7 5 
1
6 28 52 4775 6 9 5 10 1 11 3 
0
0
2
3 31 39 4702 6 6 10 11 12 1 7 
11 31 40 8441 6 2 10 3 12 7 4 
0
2
8 33 48 31942 6 2 5 7 4 3 11 
7 33 40 36035 6 9 1 3 10 5 11 
0
1
6 35 56 86638 6 8 1 4 2 3 9 
2
2 36 39 11187 6 10 6 8 9 7 12 
10 36 43 3910 6 11 2 6 12 1 3 
1
4 37 44 13497 6 1 8 10 7 5 2 
2
1 38 48 3216 6 8 11 5 6 4 7 
7 38 51 5964 6 3 6 2 9 1 10 
1
2 39 46 10048 6 6 12 5 10 3 8 
1
11 40 42 9760 6 9 7 12 5 4 2 
1
11 41 51 5975 6 8 7 2 3 4 5 
1
1 42 49 281 6 10 12 6 11 5 4 
1
6 43 44 19069 6 11 5 4 9 7 10 
0
1
12 45 49 3539 6 10 3 8 2 6 9 
0
3
6 47 51 3851 6 2 5 9 10 4 12 
8 47 48 7598 6 12 7 6 3 1 9 
6 47 59 72460 6 7 4 8 9 11 12 
1
10 48 52 6068 6 9 1 12 11 3 2 
1
1 49 59 26242 6 9 3 8 11 10 6 
1
10 50 52 601 6 3 9 6 12 1 7 
1
5 51 55 23633 6 1 3 6 4 12 8 
0
1
1 53 55 1520 6 8 10 4 3 6 9 
1
4 54 57 10842 6 9 12 7 10 8 6 
1
12 55 56 1749 6 5 4 2 9 7 8 
0
1
6 57 58 3500 6 12 4 8 10 2 11 
3
8 58 59 1529 6 10 9 5 7 6 4 
3 58 59 741 6 7 6 11 1 8 12 
4 58 59 1702 6 2 7 9 10 11 8 
0
