1 0 100.00% 0.634749
1 1 50.00% 0.598716
2 1 66.67% 0.624478
2 2 50.00% 0.184383
2 3 40.00% 0.109829
2 4 33.33% 0.060867
2 5 28.57% 0.449439
2 6 25.00% 0.431140
2 7 22.22% 0.144142
3 7 30.00% 0.243165
4 7 36.36% 0.120317
4 8 33.33% 0.486223
4 9 30.77% 0.270289
5 9 35.71% 0.118941
6 9 40.00% 0.122586
6 10 37.50% 0.092504
7 10 41.18% 0.131329
8 10 44.44% 0.237778
8 11 42.11% 0.744569
8 12 40.00% 0.287752
9 12 42.86% 0.120669
9 13 40.91% 0.269016
10 13 43.48% 0.171241
11 13 45.83% 0.161812
11 14 44.00% 0.144422
12 14 46.15% 0.115529
12 15 44.44% 0.276848
12 16 42.86% 0.084365
13 16 44.83% 0.383132
13 17 43.33% 0.093521
13 18 41.94% 0.835485
14 18 43.75% 0.296769
14 19 42.42% 0.162788
15 19 44.12% 0.224320
15 20 42.86% 0.248119
15 21 41.67% 0.409799
16 21 43.24% 0.116985
17 21 44.74% 0.298822
17 22 43.59% 0.562358
18 22 45.00% 0.130655
19 22 46.34% 0.599363
20 22 47.62% 0.124642
20 23 46.51% 0.281295
21 23 47.73% 0.225868
21 24 46.67% 0.111886
21 25 45.65% 0.128531
22 25 46.81% 0.217296
22 26 45.83% 0.136228
23 26 46.94% 0.151576
24 26 48.00% 0.167026
24 27 47.06% 0.107285
24 28 46.15% 0.230381
25 28 47.17% 0.165516
26 28 48.15% 0.128442
26 29 47.27% 0.121432
27 29 48.21% 0.137315
28 29 49.12% 0.156574
28 30 48.28% 0.078573
29 30 49.15% 0.129602
