0
2
7 1 12 28539 4 1 5 6 12 
11 1 16 46004 4 8 2 3 6 
1
7 2 16 8920 4 4 5 3 10 
1
3 3 7 17729 4 11 7 9 10 
0
0
0
1
6 7 9 12323 4 2 1 4 7 
2
8 8 10 13044 4 9 12 1 4 
9 8 14 12644 4 5 4 10 1 
2
7 9 18 23847 4 10 1 4 12 
7 9 11 1571 4 8 6 11 12 
1
11 10 13 716 4 1 3 8 5 
2
6 11 19 1821 4 5 3 8 9 
7 11 25 70741 4 5 6 8 10 
1
5 12 16 12791 4 7 12 1 4 
0
1
3 14 17 1716 4 7 8 11 9 
1
1 15 17 31 4 8 5 2 11 
2
10 16 17 7993 4 12 7 8 1 
6 16 17 3943 4 5 4 1 9 
1
9 17 20 7003 4 7 10 5 3 
1
1 18 38 86559 4 5 6 9 4 
0
1
8 20 27 34903 4 2 1 6 9 
2
8 21 22 1129 4 7 9 4 3 
8 21 27 32700 4 6 3 4 1 
1
8 22 25 3224 4 12 9 4 3 
1
2 23 28 3876 4 10 1 3 12 
1
12 24 30 56000 4 5 10 6 3 
1
9 25 28 834 4 7 1 5 12 
0
1
2 27 32 14285 4 5 12 8 7 
1
9 28 31 35153 4 12 1 6 5 
1
2 29 41 12473 4 4 7 9 5 
2
7 30 31 4938 4 5 10 8 2 
6 30 49 78928 4 3 11 8 12 
1
7 31 37 9327 4 6 2 10 12 
0
0
2
7 34 36 5512 4 5 10 2 11 
11 34 38 2821 4 12 5 4 3 
1
12 35 41 30482 4 6 8 5 3 
1
11 36 42 9324 4 12 3 5 9 
2
10 37 43 688 4 7 5 11 9 
10 37 42 7355 4 1 12 3 5 
0
1
5 39 54 91416 4 4 8 6 2 
2
6 40 44 472 4 5 1 7 2 
6 40 51 21981 4 10 4 7 2 
0
1
8 42 43 640 4 11 12 3 5 
2
8 43 50 34158 4 7 11 10 4 
12 43 46 1199 4 9 6 10 4 
0
1
8 45 47 13065 4 2 3 9 4 
1
5 46 48 9683 4 7 9 11 8 
2
5 47 55 4844 4 3 2 7 1 
4 47 50 6610 4 6 11 12 8 
1
2 48 50 937 4 12 7 10 9 
0
1
3 50 55 3687 4 8 5 1 10 
2
8 51 53 10542 4 10 7 6 2 
7 51 55 15825 4 6 12 1 10 
1
12 52 56 2301 4 9 3 10 4 
0
1
10 54 55 1076 4 11 8 12 3 
2
11 55 57 9185 4 10 6 1 2 
7 55 59 4292 4 4 9 5 8 
1
3 56 58 2927 4 8 12 2 4 
1
11 57 58 7392 4 12 8 6 9 
1
6 58 59 1388 4 1 9 11 2 
0
