1 0 100.00% 0.469725
2 0 100.00% 4.451130
3 0 100.00% 2.977944
3 1 75.00% 0.665082
4 1 80.00% 3.955459
5 1 83.33% 1.227965
5 2 71.43% 0.458225
6 2 75.00% 5.205292
6 3 66.67% 1.731090
7 3 70.00% 0.865419
8 3 72.73% 2.465737
8 4 66.67% 4.559218
9 4 69.23% 0.434087
10 4 71.43% 0.437153
10 5 66.67% 2.190156
11 5 68.75% 1.231393
11 6 64.71% 1.126120
12 6 66.67% 4.301244
13 6 68.42% 1.240945
13 7 65.00% 0.431031
14 7 66.67% 1.139108
15 7 68.18% 0.432810
16 7 69.57% 0.496406
16 8 66.67% 0.667327
16 9 64.00% 0.492287
17 9 65.38% 1.583071
18 9 66.67% 2.056745
19 9 67.86% 0.450386
20 9 68.97% 1.837725
21 9 70.00% 2.276423
22 9 70.97% 0.484466
23 9 71.88% 0.870057
24 9 72.73% 0.962793
25 9 73.53% 1.818686
26 9 74.29% 0.743704
27 9 75.00% 1.204780
28 9 75.68% 0.602934
29 9 76.32% 0.481064
30 9 76.92% 0.520256
30 10 75.00% 0.234859
