0
1
7 1 2 2209 1 12 
0
3
8 3 21 23197 1 2 
12 3 15 2143 1 11 
12 3 5 6916 1 4 
1
11 4 21 48736 1 7 
0
1
5 6 10 1465 1 2 
2
8 7 8 8185 1 1 
10 7 29 27954 1 7 
1
8 8 15 20303 1 9 
0
0
3
10 11 14 1163 1 12 
8 11 21 10037 1 1 
4 11 31 129091 1 5 
1
5 12 13 4010 1 3 
0
2
12 14 15 353 1 6 
2 14 23 32549 1 9 
1
10 15 19 8936 1 11 
0
1
12 17 21 38352 1 5 
1
2 18 37 18626 1 9 
0
2
6 20 24 4592 1 1 
10 20 21 6436 1 1 
1
7 21 25 3560 1 12 
2
10 22 23 1101 1 12 
6 22 23 5903 1 7 
0
1
7 24 26 12407 1 12 
1
1 25 26 12989 1 7 
1
11 26 31 9508 1 6 
1
2 27 34 8510 1 4 
0
2
4 29 30 7259 1 1 
9 29 36 7997 1 3 
1
1 30 39 13348 1 2 
2
12 31 32 1527 1 7 
6 31 34 2568 1 10 
1
6 32 35 8405 1 9 
1
3 33 38 4681 1 4 
0
1
2 35 36 5784 1 8 
1
4 36 39 8694 1 8 
1
8 37 38 147 1 3 
2
5 38 39 627 1 6 
7 38 39 240 1 3 
1
10 39 39 5978 1 1 
