1
8 0 1 465174 17 15 19 18 2 5 13 12 1 3 17 7 20 10 9 11 4 14 
1
1 1 9 564132 17 19 6 12 10 13 17 3 18 7 8 4 11 5 16 14 15 9 
0
1
18 3 4 47742 17 16 1 7 19 5 8 2 4 10 9 6 17 14 12 11 13 3 
2
10 4 5 769206 17 11 14 19 6 15 8 20 18 4 12 1 7 3 13 5 9 16 
8 4 9 358087 17 4 13 20 9 10 2 1 7 16 17 19 15 6 3 18 11 12 
1
10 5 14 663692 17 15 17 8 13 16 11 9 12 20 14 3 18 5 4 2 1 19 
1
13 6 14 1562427 17 7 4 15 6 14 18 17 1 20 8 3 16 12 9 11 10 19 
0
0
2
2 9 15 1070107 17 16 11 17 14 19 9 15 3 1 10 4 12 6 8 13 7 5 
2 9 10 481640 17 12 3 10 8 19 9 5 20 11 1 17 14 6 15 18 13 16 
1
15 10 17 1620443 17 13 1 2 11 3 18 10 8 7 19 4 16 12 9 20 6 5 
1
4 11 12 1233936 17 8 11 1 7 6 15 18 3 5 9 17 20 19 2 12 13 16 
2
9 12 18 1838410 17 20 15 7 18 17 6 19 2 4 8 1 11 12 13 10 3 5 
7 12 14 60813 17 12 3 16 6 20 19 13 1 14 9 4 2 18 15 17 10 8 
0
1
16 14 18 824857 17 18 19 9 7 4 12 17 14 15 11 10 5 13 20 6 8 3 
2
15 15 17 47688 17 6 20 1 3 14 4 7 16 12 13 8 10 18 11 5 17 2 
3 15 16 720570 17 5 13 17 14 16 7 9 4 19 6 1 12 2 10 20 18 8 
1
17 16 18 503020 17 1 11 15 4 10 3 9 19 5 20 12 16 18 2 8 14 13 
1
2 17 18 181139 17 7 9 17 8 15 12 3 5 4 14 1 16 6 18 13 20 19 
0
2
6 19 19 267319 17 16 7 4 1 17 3 19 20 11 10 2 13 5 12 8 14 18 
9 19 19 21334 17 14 16 18 8 13 5 10 12 3 11 20 6 19 4 17 2 1 
