1 0 100.00% 8.156558
1 1 50.00% 2.880221
2 1 66.67% 17.456546
3 1 75.00% 10.371337
3 2 60.00% 8.479908
3 3 50.00% 1.982451
4 3 57.14% 4.771784
4 4 50.00% 4.549512
4 5 44.44% 10.528649
4 6 40.00% 1.931937
4 7 36.36% 9.352156
4 8 33.33% 2.819941
5 8 38.46% 5.645673
5 9 35.71% 4.034534
6 9 40.00% 4.837632
6 10 37.50% 4.500034
6 11 35.29% 1.894338
6 12 33.33% 9.554612
7 12 36.84% 3.717347
8 12 40.00% 4.028801
8 13 38.10% 3.827388
8 14 36.36% 1.883637
8 15 34.78% 4.756280
8 16 33.33% 1.836951
8 17 32.00% 4.874052
8 18 30.77% 5.755759
8 19 29.63% 2.075071
8 20 28.57% 5.926176
8 21 27.59% 2.105721
8 22 26.67% 4.675037
8 23 25.81% 2.859966
8 24 25.00% 3.766507
8 25 24.24% 2.962695
8 26 23.53% 1.883040
8 27 22.86% 1.874324
8 28 22.22% 1.865715
9 28 24.32% 0.936348
10 28 26.32% 0.941087
10 29 25.64% 0.946147
11 29 27.50% 1.089924
