1 0 100.00% 0.164722
2 0 100.00% 0.225659
3 0 100.00% 1.263984
3 1 75.00% 0.880412
3 2 60.00% 0.281709
3 3 50.00% 0.121613
3 4 42.86% 0.324420
3 5 37.50% 0.101568
3 6 33.33% 0.630351
3 7 30.00% 0.114178
4 7 36.36% 0.437697
4 8 33.33% 0.054833
5 8 38.46% 0.395310
5 9 35.71% 0.080264
5 10 33.33% 0.312047
6 10 37.50% 0.320930
6 11 35.29% 0.078073
6 12 33.33% 0.334940
7 12 36.84% 0.261850
7 13 35.00% 0.182220
7 14 33.33% 0.082256
7 15 31.82% 0.052785
7 16 30.43% 0.311544
7 17 29.17% 0.035877
7 18 28.00% 0.367639
7 19 26.92% 0.362229
7 20 25.93% 0.084693
7 21 25.00% 0.360132
7 22 24.14% 0.130735
8 22 26.67% 0.329483
8 23 25.81% 0.104907
8 24 25.00% 0.138127
8 25 24.24% 0.094104
9 25 26.47% 0.146211
9 26 25.71% 0.044814
9 27 25.00% 0.039763
10 27 27.03% 0.068536
11 27 28.95% 0.074766
11 28 28.21% 0.024927
12 28 30.00% 0.084847
