1 0 100.00% 24.507800
2 0 100.00% 9.182829
3 0 100.00% 64.599805
4 0 100.00% 35.890680
4 1 80.00% 30.467863
4 2 66.67% 6.236562
5 2 71.43% 15.068524
5 3 62.50% 15.166297
5 4 55.56% 34.134321
5 5 50.00% 6.018647
5 6 45.45% 30.766777
5 7 41.67% 8.972255
5 8 38.46% 18.095038
5 9 35.71% 12.046476
5 10 33.33% 15.238008
6 10 37.50% 13.206495
6 11 35.29% 6.562974
6 12 33.33% 29.079066
6 13 31.58% 12.173296
7 13 35.00% 12.730312
7 14 33.33% 12.016428
7 15 31.82% 6.060192
7 16 30.43% 15.771573
7 17 29.17% 5.977468
7 18 28.00% 15.006317
7 19 26.92% 18.353598
7 20 25.93% 6.722612
7 21 25.00% 19.072964
7 22 24.14% 6.210058
7 23 23.33% 15.743644
7 24 22.58% 9.156992
7 25 21.88% 11.974686
7 26 21.21% 9.800441
7 27 20.59% 5.997425
7 28 20.00% 6.029909
7 29 19.44% 6.067346
8 29 21.62% 3.060852
9 29 23.68% 3.072745
9 30 23.08% 3.185195
10 30 25.00% 3.086928
