1 0 100.00% 74.258248
2 0 100.00% 45.756865
3 0 100.00% 68.389164
4 0 100.00% 44.081132
5 0 100.00% 16.569309
5 1 83.33% 507.021638
6 1 85.71% 203.153968
7 1 87.50% 17.326783
8 1 88.89% 125.320373
9 1 90.00% 38.206118
10 1 90.91% 18.177682
11 1 91.67% 207.300599
12 1 92.31% 21.386433
13 1 92.86% 52.648059
14 1 93.33% 34.638718
15 1 93.75% 80.870783
16 1 94.12% 220.144844
17 1 94.44% 75.687592
18 1 94.74% 129.816173
19 1 95.00% 39.105354
20 1 95.24% 94.326458
21 1 95.45% 260.728071
22 1 95.65% 295.848107
23 1 95.83% 66.682986
23 2 92.00% 234.732754
24 2 92.31% 76.452984
25 2 92.59% 46.522296
25 3 89.29% 55.876328
25 4 86.21% 38.464911
25 5 83.33% 157.194702
26 5 83.87% 76.147581
26 6 81.25% 141.261801
27 6 81.82% 47.667987
27 7 79.41% 70.649530
27 8 77.14% 232.325489
27 9 75.00% 70.201262
27 10 72.97% 103.565573
27 11 71.05% 28.551728
27 12 69.23% 133.265966
27 13 67.50% 35.967089
27 14 65.85% 62.605724
28 14 66.67% 45.002165
29 14 67.44% 36.818897
29 15 65.91% 36.427651
30 15 66.67% 36.674221
31 15 67.39% 88.717907
32 15 68.09% 26.069859
33 15 68.75% 36.117379
34 15 69.39% 71.992716
35 15 70.00% 71.231108
36 15 70.59% 88.893625
37 15 71.15% 54.552746
38 15 71.70% 35.564338
39 15 72.22% 26.592421
40 15 72.73% 26.831609
41 15 73.21% 39.780548
42 15 73.68% 26.940998
43 15 74.14% 17.955400
44 15 74.58% 8.901016
45 15 75.00% 9.019580
