2 0 100.00% 78.878632
4 0 100.00% 78.166363
6 0 100.00% 78.538363
8 0 100.00% 76.677704
10 0 100.00% 76.301470
11 0 100.00% 84.693287
13 0 100.00% 75.930467
14 0 100.00% 76.053577
15 0 100.00% 78.196418
16 0 100.00% 77.447680
17 0 100.00% 78.351052
19 0 100.00% 77.493483
20 0 100.00% 75.995839
22 0 100.00% 77.199830
23 0 100.00% 79.442711
24 0 100.00% 78.242387
26 0 100.00% 78.374615
27 0 100.00% 79.686549
28 0 100.00% 80.276540
29 0 100.00% 80.608601
30 0 100.00% 84.067471
32 0 100.00% 80.810226
33 0 100.00% 80.434731
35 0 100.00% 79.120060
36 0 100.00% 78.047435
38 0 100.00% 85.579479
40 0 100.00% 82.987195
41 0 100.00% 78.723087
42 0 100.00% 74.033402
44 0 100.00% 85.601765
45 0 100.00% 80.267230
48 0 100.00% 87.392121
49 0 100.00% 85.550086
51 0 100.00% 95.200852
52 0 100.00% 97.213577
53 0 100.00% 87.805194
55 0 100.00% 73.995543
56 0 100.00% 75.962944
57 0 100.00% 84.531281
58 0 100.00% 92.784769
60 0 100.00% 39.428313
