1 0 100.00% 0.369328
2 0 100.00% 0.305615
3 0 100.00% 0.427260
4 0 100.00% 0.480226
5 0 100.00% 0.278901
6 0 100.00% 1.169904
7 0 100.00% 0.724353
8 0 100.00% 0.290283
9 0 100.00% 0.585626
10 0 100.00% 0.412222
11 0 100.00% 0.247968
12 0 100.00% 0.578765
13 0 100.00% 0.271671
14 0 100.00% 0.304393
15 0 100.00% 0.282642
16 0 100.00% 0.399319
17 0 100.00% 0.291483
18 0 100.00% 0.299994
19 0 100.00% 1.090145
20 0 100.00% 0.346291
21 0 100.00% 0.412722
22 0 100.00% 0.490629
23 0 100.00% 1.139039
24 0 100.00% 0.319757
25 0 100.00% 0.704260
26 0 100.00% 0.312929
27 0 100.00% 0.266509
28 0 100.00% 0.268450
29 0 100.00% 0.276355
30 0 100.00% 0.332220
31 0 100.00% 0.294511
32 0 100.00% 0.256949
33 0 100.00% 0.336013
34 0 100.00% 0.274610
35 0 100.00% 0.457807
36 0 100.00% 0.455170
37 0 100.00% 0.350617
38 0 100.00% 0.327485
39 0 100.00% 0.380008
40 0 100.00% 0.304873
41 0 100.00% 0.353122
42 0 100.00% 0.303166
43 0 100.00% 0.301346
44 0 100.00% 0.350520
45 0 100.00% 0.258984
46 0 100.00% 0.310790
47 0 100.00% 0.273899
48 0 100.00% 0.369370
49 0 100.00% 0.294698
50 0 100.00% 0.323715
51 0 100.00% 0.373903
52 0 100.00% 0.322480
53 0 100.00% 0.319582
54 0 100.00% 0.297150
55 0 100.00% 0.307398
56 0 100.00% 0.373073
57 0 100.00% 0.301104
58 0 100.00% 0.300263
59 0 100.00% 0.193636
60 0 100.00% 0.188720
