0
2
11 1 8 2031383 5 18 17 10 2 9 
15 1 5 103768 5 4 16 7 19 11 
0
2
1 3 10 3173890 5 11 6 20 18 16 
8 3 7 2129785 5 12 17 6 5 2 
0
2
6 5 6 99838 5 11 12 3 14 5 
15 5 57 12987846 5 14 4 13 11 16 
0
2
16 7 27 4682556 5 8 1 2 17 18 
9 7 8 110477 5 2 13 18 6 11 
0
2
18 9 22 3342354 5 13 4 8 5 20 
19 9 12 792678 5 6 4 11 14 16 
0
1
6 11 12 146511 5 20 14 13 5 3 
2
11 12 33 5551106 5 4 14 8 15 2 
7 12 13 291928 5 6 16 17 20 11 
1
3 13 18 842382 5 9 16 4 12 17 
1
7 14 17 766020 5 9 12 16 17 15 
1
9 15 23 2915006 5 15 2 8 12 18 
1
18 16 39 777129 5 16 3 15 1 19 
0
0
2
11 19 26 62504 5 8 12 15 5 18 
8 19 32 12405597 5 4 13 18 10 15 
1
15 20 23 296186 5 6 18 11 12 5 
2
4 21 30 4947 5 12 1 18 3 16 
8 21 47 2972945 5 10 17 6 7 5 
1
3 22 51 14416053 5 5 8 19 17 9 
1
12 23 28 174216 5 9 20 19 3 17 
0
2
1 25 48 2869149 5 9 18 4 10 20 
2 25 32 78741 5 12 9 16 15 4 
1
14 26 30 136967 5 5 4 9 13 7 
1
7 27 32 96960 5 9 10 18 13 4 
1
8 28 31 317864 5 14 13 12 9 4 
1
8 29 45 1845922 5 7 11 19 20 5 
0
2
6 31 37 41958 5 12 1 5 10 17 
9 31 45 1512888 5 12 8 1 18 3 
0
1
10 33 37 3175560 5 4 8 5 3 19 
2
15 34 41 231524 5 19 20 5 3 4 
1 34 59 4987754 5 4 11 17 2 6 
1
16 35 42 2968788 5 5 1 8 13 10 
0
0
2
16 38 48 2609637 5 11 15 12 17 18 
13 38 40 262698 5 16 5 17 20 14 
2
16 39 50 1777300 5 20 19 15 5 8 
19 39 42 727901 5 4 14 5 16 7 
1
13 40 46 2561947 5 11 9 17 1 19 
0
1
10 42 46 1203047 5 4 7 15 13 14 
2
3 43 46 242461 5 14 19 15 16 4 
4 43 46 3775832 5 8 2 6 5 7 
1
2 44 47 939412 5 10 4 14 9 3 
0
0
3
14 47 56 21923 5 3 9 17 18 12 
15 47 49 313296 5 8 6 3 19 2 
11 47 50 2182070 5 4 8 7 19 13 
1
1 48 55 673268 5 5 12 13 16 8 
0
0
2
16 51 58 451272 5 19 18 13 14 11 
18 51 59 2021787 5 2 1 14 20 11 
1
2 52 57 688051 5 17 11 9 3 20 
1
15 53 56 677404 5 10 18 2 4 7 
2
11 54 56 3220 5 3 16 2 8 17 
1 54 56 297328 5 5 20 19 15 6 
1
19 55 58 2384722 5 15 4 1 8 7 
1
6 56 58 140299 5 12 4 1 15 13 
1
2 57 58 980734 5 17 14 7 8 16 
0
2
20 59 59 34403 5 2 11 13 17 8 
1 59 59 15195 5 10 15 17 19 9 
