1 0 100.00% 68.151354
2 0 100.00% 10.357515
3 0 100.00% 8.967654
4 0 100.00% 32.990093
5 0 100.00% 42.614908
6 0 100.00% 13.707368
7 0 100.00% 26.915255
8 0 100.00% 9.527326
9 0 100.00% 11.637095
10 0 100.00% 7.473965
11 0 100.00% 18.913718
12 0 100.00% 7.473045
13 0 100.00% 21.357320
14 0 100.00% 47.414745
15 0 100.00% 3.504897
16 0 100.00% 18.140252
17 0 100.00% 19.614058
18 0 100.00% 28.641232
19 0 100.00% 9.696803
20 0 100.00% 13.381114
21 0 100.00% 26.666594
22 0 100.00% 5.350557
23 0 100.00% 3.559110
24 0 100.00% 17.643665
25 0 100.00% 12.814927
26 0 100.00% 21.868361
27 0 100.00% 3.508716
28 0 100.00% 9.142353
29 0 100.00% 17.688983
30 0 100.00% 17.548605
31 0 100.00% 29.943536
32 0 100.00% 44.142595
33 0 100.00% 5.307759
34 0 100.00% 14.534141
35 0 100.00% 8.831153
36 0 100.00% 32.184194
37 0 100.00% 23.653791
38 0 100.00% 40.258332
39 0 100.00% 10.679090
40 0 100.00% 5.373285
41 0 100.00% 14.695193
42 0 100.00% 14.831556
43 0 100.00% 18.980164
44 0 100.00% 25.280405
45 0 100.00% 9.011957
46 0 100.00% 17.985556
47 0 100.00% 10.753132
48 0 100.00% 7.183460
49 0 100.00% 8.930646
50 0 100.00% 5.370410
51 0 100.00% 10.767480
52 0 100.00% 14.416619
53 0 100.00% 10.648402
54 0 100.00% 8.941806
55 0 100.00% 10.707773
56 0 100.00% 3.666146
57 0 100.00% 3.611068
58 0 100.00% 3.560420
59 0 100.00% 3.601545
