1 0 100.00% 2.820109
2 0 100.00% 2.736238
3 0 100.00% 3.592387
4 0 100.00% 2.762190
5 0 100.00% 2.753813
6 0 100.00% 2.823019
7 0 100.00% 2.735149
8 0 100.00% 2.729858
9 0 100.00% 2.732997
10 0 100.00% 2.741799
11 0 100.00% 2.761259
12 0 100.00% 2.746074
13 0 100.00% 2.979412
14 0 100.00% 3.605528
16 0 100.00% 2.867241
17 0 100.00% 2.750297
19 0 100.00% 2.727699
20 0 100.00% 2.733471
21 0 100.00% 2.746510
23 0 100.00% 2.749319
25 0 100.00% 2.762472
26 0 100.00% 2.725330
27 0 100.00% 2.741048
29 0 100.00% 2.720992
30 0 100.00% 2.817952
32 0 100.00% 2.728850
35 0 100.00% 2.754680
37 0 100.00% 2.718647
38 0 100.00% 2.746105
39 0 100.00% 2.726018
40 0 100.00% 2.708675
41 0 100.00% 2.739853
43 0 100.00% 2.706765
44 0 100.00% 2.735454
45 0 100.00% 2.728568
46 0 100.00% 2.731620
47 0 100.00% 2.740549
49 0 100.00% 2.720130
50 0 100.00% 2.717439
52 0 100.00% 2.710003
54 0 100.00% 2.732435
55 0 100.00% 2.733129
57 0 100.00% 2.719073
59 0 100.00% 2.719466
