1 0 100.00% 0.054012
2 0 100.00% 0.041908
3 0 100.00% 0.040024
4 0 100.00% 0.047641
5 0 100.00% 0.042788
6 0 100.00% 0.045000
7 0 100.00% 0.046721
8 0 100.00% 0.043993
9 0 100.00% 0.043677
10 0 100.00% 0.044569
11 0 100.00% 0.044142
12 0 100.00% 0.044089
13 0 100.00% 0.055460
14 0 100.00% 0.055992
15 0 100.00% 0.047520
16 0 100.00% 0.050110
17 0 100.00% 0.044891
18 0 100.00% 0.060943
19 0 100.00% 0.048015
20 0 100.00% 0.051134
21 0 100.00% 0.073887
22 0 100.00% 0.052603
23 0 100.00% 0.058566
24 0 100.00% 0.052707
25 0 100.00% 0.055503
26 0 100.00% 0.059553
27 0 100.00% 0.050266
28 0 100.00% 0.052484
29 0 100.00% 0.054932
30 0 100.00% 0.062058
31 0 100.00% 0.056587
32 0 100.00% 0.063542
33 0 100.00% 0.056757
34 0 100.00% 0.060528
35 0 100.00% 0.064609
36 0 100.00% 0.058710
37 0 100.00% 0.086041
38 0 100.00% 0.060773
39 0 100.00% 0.060063
40 0 100.00% 0.062646
41 0 100.00% 0.063221
42 0 100.00% 0.061666
43 0 100.00% 0.065932
44 0 100.00% 0.072903
45 0 100.00% 0.060917
46 0 100.00% 0.062290
47 0 100.00% 0.059636
48 0 100.00% 0.064573
49 0 100.00% 0.067178
50 0 100.00% 0.064192
51 0 100.00% 0.066178
52 0 100.00% 0.068927
53 0 100.00% 0.069519
54 0 100.00% 0.061973
55 0 100.00% 0.065989
56 0 100.00% 0.066399
57 0 100.00% 0.066762
58 0 100.00% 0.065568
59 0 100.00% 0.065364
