1
4 0 30 5085364 1 9 
1
10 1 4 1423138 1 9 
1
11 2 5 222812 1 2 
1
2 3 16 4242786 1 7 
1
14 4 23 1557604 1 5 
1
3 5 11 2630920 1 6 
1
9 6 17 2423470 1 8 
1
15 7 10 327152 1 19 
1
11 8 13 321375 1 13 
1
18 9 12 21577 1 3 
1
12 10 19 934464 1 4 
1
12 11 14 110822 1 9 
1
9 12 23 976239 1 15 
1
11 13 39 6390751 1 18 
0
2
6 15 16 990456 1 14 
15 15 24 1762734 1 13 
0
1
3 17 27 2891892 1 1 
2
12 18 33 5124516 1 6 
11 18 22 500688 1 2 
1
18 19 25 3077686 1 9 
0
1
7 21 35 6345504 1 16 
0
2
8 23 25 926300 1 16 
12 23 24 126466 1 15 
2
5 24 33 1881203 1 20 
10 24 30 6617739 1 6 
1
4 25 36 5270617 1 3 
0
1
20 27 28 614729 1 3 
2
13 28 32 166966 1 10 
16 28 37 1527363 1 8 
0
0
1
8 31 40 7879245 1 11 
2
13 32 48 957841 1 11 
16 32 56 4666930 1 15 
0
3
11 34 36 677045 1 17 
16 34 41 1446016 1 17 
17 34 38 3912521 1 15 
0
2
16 36 53 2622142 1 17 
3 36 48 10398285 1 18 
1
10 37 58 8624 1 9 
1
12 38 43 3113443 1 1 
1
14 39 41 265206 1 17 
0
1
8 41 48 4503366 1 10 
2
15 42 49 2384381 1 10 
6 42 51 4096715 1 8 
1
12 43 56 5348998 1 10 
1
14 44 48 761745 1 9 
0
1
5 46 55 315287 1 16 
1
7 47 52 1201921 1 1 
2
14 48 51 1833880 1 19 
15 48 52 584386 1 14 
0
1
2 50 52 148719 1 16 
0
2
5 52 57 73690 1 20 
11 52 59 1433558 1 5 
2
12 53 58 2558154 1 17 
6 53 57 94488 1 1 
1
4 54 59 717532 1 6 
0
2
18 56 57 271928 1 15 
17 56 57 698148 1 15 
0
2
5 58 59 209659 1 18 
13 58 59 256318 1 20 
0
