1 0 100.00% 0.251113
1 1 50.00% 0.976991
2 1 66.67% 0.123128
3 1 75.00% 0.120695
3 2 60.00% 0.195017
4 2 66.67% 0.120773
5 2 71.43% 0.113181
6 2 75.00% 0.121877
7 2 77.78% 0.343905
7 3 70.00% 0.158335
7 4 63.64% 0.964241
8 4 66.67% 0.266139
8 5 61.54% 0.404226
9 5 64.29% 0.781702
10 5 66.67% 0.634240
10 6 62.50% 1.325773
10 7 58.82% 0.294905
10 8 55.56% 0.898981
10 9 52.63% 0.564731
11 9 55.00% 0.798423
11 10 52.38% 1.157772
12 10 54.55% 0.781544
12 11 52.17% 1.588411
12 12 50.00% 0.527679
12 13 48.00% 0.190884
13 13 50.00% 1.222148
13 14 48.15% 0.583583
14 14 50.00% 0.635569
14 15 48.28% 0.416040
14 16 46.67% 0.159739
14 17 45.16% 0.144726
14 18 43.75% 0.054221
14 19 42.42% 0.788232
14 20 41.18% 0.492659
15 20 42.86% 1.114647
15 21 41.67% 0.327275
15 22 40.54% 0.356493
15 23 39.47% 0.098944
15 24 38.46% 0.383829
15 25 37.50% 1.012324
15 26 36.59% 0.165924
15 27 35.71% 0.181453
15 28 34.88% 0.273893
15 29 34.09% 0.231874
16 29 35.56% 0.553675
16 30 34.78% 0.071888
16 31 34.04% 0.076227
16 32 33.33% 0.402600
16 33 32.65% 0.448945
16 34 32.00% 0.084411
16 35 31.37% 0.111959
16 36 30.77% 0.346999
16 37 30.19% 0.118643
16 38 29.63% 0.168364
16 39 29.09% 0.120311
17 39 30.36% 0.140981
18 39 31.58% 0.119047
19 39 32.76% 0.126101
