2 0 100.00% 1.635780
3 0 100.00% 1.260108
4 0 100.00% 1.307106
5 0 100.00% 1.341294
7 0 100.00% 1.359627
9 0 100.00% 1.333146
10 0 100.00% 1.454819
11 0 100.00% 1.655515
14 0 100.00% 1.361703
15 0 100.00% 1.480824
16 0 100.00% 1.300515
18 0 100.00% 1.214165
20 0 100.00% 1.313770
21 0 100.00% 1.480622
22 0 100.00% 1.386899
23 0 100.00% 1.412040
25 0 100.00% 1.347998
28 0 100.00% 1.450427
29 0 100.00% 1.290010
30 0 100.00% 1.306093
31 0 100.00% 1.289282
32 0 100.00% 1.263831
33 0 100.00% 1.276662
34 0 100.00% 1.267240
36 0 100.00% 1.306169
39 0 100.00% 1.409736
40 0 100.00% 1.812570
41 0 100.00% 1.719010
42 0 100.00% 1.392363
43 0 100.00% 1.370635
44 0 100.00% 1.381898
45 0 100.00% 1.759543
47 0 100.00% 1.261254
48 0 100.00% 1.487996
50 0 100.00% 1.313620
51 0 100.00% 1.413994
53 0 100.00% 1.279954
54 0 100.00% 1.431215
55 0 100.00% 1.435755
57 0 100.00% 1.546757
58 0 100.00% 1.619741
59 0 100.00% 1.510003
60 0 100.00% 0.772254
