1 0 100.00% 7.709499
2 0 100.00% 18.353452
3 0 100.00% 10.301646
4 0 100.00% 11.677879
5 0 100.00% 3.265956
6 0 100.00% 2.658063
7 0 100.00% 4.277137
8 0 100.00% 1.125593
9 0 100.00% 2.461883
10 0 100.00% 1.934561
11 0 100.00% 6.525944
12 0 100.00% 9.386773
13 0 100.00% 7.039991
14 0 100.00% 11.226234
15 0 100.00% 3.421875
16 0 100.00% 2.568341
17 0 100.00% 7.575990
18 0 100.00% 11.911871
19 0 100.00% 6.395709
20 0 100.00% 5.653359
21 0 100.00% 3.760898
22 0 100.00% 18.835086
23 0 100.00% 1.738838
24 0 100.00% 2.054793
25 0 100.00% 7.174652
26 0 100.00% 3.020624
27 0 100.00% 12.965120
28 0 100.00% 7.770007
29 0 100.00% 8.478518
30 0 100.00% 4.153574
31 0 100.00% 4.248825
32 0 100.00% 2.367278
33 0 100.00% 6.096634
34 0 100.00% 2.362055
35 0 100.00% 6.306216
36 0 100.00% 4.456763
37 0 100.00% 1.074776
38 0 100.00% 7.011110
39 0 100.00% 5.673918
40 0 100.00% 5.156555
41 0 100.00% 3.658193
42 0 100.00% 6.414199
43 0 100.00% 4.280432
44 0 100.00% 1.496938
45 0 100.00% 6.645739
46 0 100.00% 2.457060
47 0 100.00% 2.292904
48 0 100.00% 4.573121
49 0 100.00% 3.978375
50 0 100.00% 1.442309
51 0 100.00% 3.772769
52 0 100.00% 2.412994
53 0 100.00% 1.492660
54 0 100.00% 2.941061
55 0 100.00% 1.531831
56 0 100.00% 1.036058
57 0 100.00% 2.092908
58 0 100.00% 1.427865
59 0 100.00% 1.096296
60 0 100.00% 0.686446
