1 0 100.00% 0.034352
2 0 100.00% 0.050832
3 0 100.00% 0.042743
4 0 100.00% 0.031940
5 0 100.00% 0.041746
6 0 100.00% 0.038559
7 0 100.00% 0.042723
8 0 100.00% 0.035653
9 0 100.00% 0.041130
10 0 100.00% 0.043214
11 0 100.00% 0.045228
12 0 100.00% 0.136050
13 0 100.00% 0.055512
14 0 100.00% 0.110610
15 0 100.00% 0.027703
16 0 100.00% 0.039880
17 0 100.00% 0.076331
18 0 100.00% 0.076021
19 0 100.00% 0.034767
20 0 100.00% 0.049232
21 0 100.00% 0.040874
22 0 100.00% 0.035382
23 0 100.00% 0.036689
24 0 100.00% 0.037048
25 0 100.00% 0.035924
26 0 100.00% 0.037205
27 0 100.00% 0.038193
28 0 100.00% 0.042084
29 0 100.00% 0.063792
30 0 100.00% 0.033407
31 0 100.00% 0.047873
32 0 100.00% 0.053289
33 0 100.00% 0.053432
34 0 100.00% 0.037173
35 0 100.00% 0.046916
36 0 100.00% 0.043598
37 0 100.00% 0.035646
38 0 100.00% 0.034090
39 0 100.00% 0.037321
40 0 100.00% 0.117599
41 0 100.00% 0.035347
42 0 100.00% 0.043195
43 0 100.00% 0.039030
44 0 100.00% 0.039467
45 0 100.00% 0.069412
46 0 100.00% 0.043985
47 0 100.00% 0.046655
48 0 100.00% 0.034299
49 0 100.00% 0.061854
50 0 100.00% 0.038582
51 0 100.00% 0.045705
52 0 100.00% 0.072215
53 0 100.00% 0.057875
54 0 100.00% 0.039447
55 0 100.00% 0.044718
56 0 100.00% 0.038337
57 0 100.00% 0.042323
58 0 100.00% 0.039470
59 0 100.00% 0.035798
60 0 100.00% 0.048981
