0
2
5 1 14 19132 2 1 6 
5 1 33 6523486 2 10 7 
1
5 2 19 1650328 2 9 8 
0
1
3 4 24 432056 2 12 9 
0
1
5 6 11 2282916 2 2 1 
2
12 7 10 1107862 2 6 11 
1 7 14 2829944 2 3 8 
2
10 8 9 525287 2 2 4 
11 8 11 1056948 2 4 10 
1
12 9 11 1192218 2 7 9 
1
11 10 21 1784700 2 5 1 
0
0
3
4 13 31 9427727 2 6 7 
1 13 26 1257396 2 12 8 
1 13 34 5350736 2 12 7 
1
6 14 20 777324 2 9 10 
0
1
6 16 20 347250 2 4 12 
2
11 17 30 2060641 2 9 6 
7 17 39 4106084 2 2 12 
0
2
12 19 29 490189 2 3 1 
11 19 28 798279 2 4 6 
1
9 20 26 1601141 2 11 6 
1
6 21 56 190573 2 7 8 
1
1 22 23 1888458 2 4 5 
0
2
4 24 27 775406 2 6 10 
5 24 35 1516470 2 12 6 
0
0
3
4 27 32 554092 2 10 8 
11 27 52 668023 2 12 2 
1 27 41 1088737 2 6 8 
1
5 28 45 5475843 2 7 10 
1
6 29 37 1364298 2 11 7 
1
9 30 38 1491110 2 3 1 
1
11 31 35 1705510 2 9 2 
1
6 32 44 1652046 2 1 9 
1
4 33 37 726911 2 12 11 
0
2
2 35 48 1562103 2 11 1 
3 35 43 385000 2 8 2 
0
0
3
5 38 39 124244 2 8 4 
4 38 50 88566 2 10 6 
5 38 49 2670741 2 1 7 
1
11 39 49 235051 2 2 9 
1
3 40 47 1129739 2 7 8 
1
3 41 54 501076 2 9 10 
1
4 42 50 34284 2 10 12 
1
3 43 45 210612 2 4 11 
0
1
11 45 58 4313664 2 2 8 
2
4 46 50 2050955 2 5 1 
11 46 50 724871 2 8 10 
0
1
2 48 57 1220906 2 4 11 
0
2
3 50 57 711440 2 6 12 
10 50 52 2524947 2 9 8 
1
2 51 58 671225 2 10 1 
2
5 52 56 734195 2 12 9 
6 52 54 544093 2 2 7 
1
11 53 58 595154 2 4 2 
0
1
9 55 57 808348 2 1 4 
2
12 56 57 306364 2 11 3 
9 56 59 1197290 2 4 7 
1
6 57 58 822001 2 12 1 
1
11 58 59 633 2 7 4 
1
11 59 59 139005 2 8 5 
