1 2 2043 
1 3 1037 
1 4 458 
1 5 109 
1 6 945 
1 7 2400 
1 8 209 
1 9 1962 
1 10 9543 
1 11 6016 
1 12 971 
2 1 3925 
2 3 563 
2 4 682 
2 5 650 
2 6 387 
2 7 3306 
2 8 2222 
2 9 7660 
2 10 1172 
2 11 641 
2 12 685 
3 1 9179 
3 2 2245 
3 4 2516 
3 5 1925 
3 6 1117 
3 7 670 
3 8 1079 
3 9 185 
3 10 2028 
3 11 1049 
3 12 403 
4 1 369 
4 2 1498 
4 3 338 
4 5 302 
4 6 5848 
4 7 174 
4 8 5250 
4 9 2186 
4 10 420 
4 11 280 
4 12 120 
5 1 443 
5 2 453 
5 3 1315 
5 4 500 
5 6 2258 
5 7 4759 
5 8 71 
5 9 3848 
5 10 805 
5 11 886 
5 12 3386 
6 1 8630 
6 2 6839 
6 3 184 
6 4 1072 
6 5 3583 
6 7 184 
6 8 388 
6 9 515 
6 10 6992 
6 11 63 
6 12 3162 
7 1 2244 
7 2 2347 
7 3 363 
7 4 3832 
7 5 4003 
7 6 2072 
7 8 1470 
7 9 842 
7 10 770 
7 11 137 
7 12 611 
8 1 1377 
8 2 661 
8 3 783 
8 4 1773 
8 5 4800 
8 6 6747 
8 7 2395 
8 9 133 
8 10 581 
8 11 242 
8 12 1083 
9 1 3656 
9 2 2426 
9 3 8613 
9 4 2803 
9 5 1239 
9 6 802 
9 7 3152 
9 8 1591 
9 10 162 
9 11 318 
9 12 4345 
10 1 3173 
10 2 952 
10 3 850 
10 4 4103 
10 5 2938 
10 6 193 
10 7 1014 
10 8 942 
10 9 821 
10 11 4152 
10 12 379 
11 1 1916 
11 2 1140 
11 3 4258 
11 4 3143 
11 5 692 
11 6 121 
11 7 5466 
11 8 3454 
11 9 3539 
11 10 6 
11 12 111 
12 1 644 
12 2 1279 
12 3 250 
12 4 1592 
12 5 72 
12 6 1355 
12 7 1752 
12 8 1307 
12 9 90 
12 10 498 
12 11 2058 
