1	2	250	1
1	3	200	2
1	4	650	3
1	5	800	4
1	6	850	5
1	7	200	6
1	8	400	7
1	9	200	8
1	10	200	9
1	11	400	10
1	12	900	11
13	2	200	12
13	6	800	13
14	15	450	14
14	16	300	15
14	17	200	16
14	5	400	17
18	6	800	18
18	2	200	19
18	19	200	20
18	20	300	21
18	21	200	22
18	22	200	23
23	24	300	24
23	25	300	25
23	26	300	26
23	27	200	27
23	28	200	28
29	30	300	29
29	31	200	30
29	32	200	31
29	5	250	32
29	33	250	33
29	34	300	34
29	35	250	35
36	4	100	36
37	24	200	37
37	25	200	38
37	27	300	39
37	26	200	40
37	28	300	41
38	39	200	42
38	40	200	43
41	42	200	44
41	43	200	45
41	17	250	46
41	44	100	47
41	45	950	48
46	47	900	49
46	43	800	50
46	17	450	51
46	45	750	52
48	35	100	53
49	50	500	54
49	51	200	55
52	6	700	56
52	53	250	57
52	54	950	58
52	55	850	59
52	56	300	60
52	22	1600	61
57	58	100	62
59	9	650	63
59	60	300	64
59	4	200	65
59	61	550	66
59	62	200	67
59	63	600	68
64	16	450	69
64	65	200	70
64	66	400	71
64	67	100	72
68	69	200	73
68	70	200	74
71	33	250	75
71	5	250	76
71	35	250	77
72	73	100	78
74	75	300	79
74	76	200	80
74	77	300	81
78	79	350	82
78	80	200	83
81	82	100	84
83	84	250	85
83	85	250	86
83	86	250	87
87	5	100	88
88	75	300	89
88	76	200	90
88	77	300	91
89	69	750	92
89	24	300	93
89	25	300	94
89	26	300	95
89	90	650	96
89	27	400	97
89	28	400	98
22	2	200	99
22	3	250	100
22	91	200	101
22	92	200	102
22	93	200	103
22	19	200	104
22	94	200	105
22	54	750	106
22	95	350	107
22	18	200	108
22	96	200	109
22	97	450	110
22	98	200	111
22	99	200	112
22	52	1600	113
22	100	600	114
22	101	200	115
22	26	400	116
22	20	200	117
22	102	250	118
22	103	200	119
22	104	200	120
22	6	900	121
22	7	550	122
22	105	200	123
22	106	300	124
22	21	300	125
22	107	350	126
2	1	250	127
2	91	200	128
2	93	200	129
2	13	200	130
2	54	750	131
2	19	200	132
2	94	200	133
2	18	200	134
2	95	250	135
2	96	300	136
2	97	250	137
2	99	200	138
2	101	300	139
2	26	700	140
2	20	200	141
2	24	400	142
2	102	250	143
2	103	200	144
2	104	200	145
2	6	900	146
2	105	200	147
2	21	200	148
2	106	200	149
2	107	250	150
2	22	200	151
108	109	200	152
108	110	200	153
108	79	300	154
108	80	250	155
92	19	200	156
92	22	200	157
111	24	300	158
111	25	300	159
111	27	200	160
111	26	300	161
111	28	200	162
19	2	200	163
19	91	200	164
19	92	200	165
19	93	200	166
19	94	200	167
19	95	250	168
19	18	200	169
19	27	600	170
19	28	400	171
19	96	300	172
19	112	100	173
19	113	100	174
19	101	300	175
19	102	250	176
19	104	200	177
19	103	200	178
19	6	800	179
19	7	250	180
19	105	200	181
19	106	200	182
19	21	200	183
19	107	250	184
19	22	200	185
114	24	300	186
114	25	300	187
114	27	200	188
114	26	300	189
114	115	500	190
114	28	200	191
114	116	1550	192
34	117	300	193
34	118	300	194
34	119	400	195
34	120	300	196
34	121	300	197
34	29	300	198
34	122	300	199
34	123	200	200
124	125	200	201
124	126	200	202
124	127	200	203
124	128	200	204
124	12	200	205
124	129	200	206
130	125	200	207
130	126	300	208
130	127	200	209
130	128	200	210
130	12	200	211
130	129	200	212
113	19	100	213
119	32	300	214
119	5	250	215
119	33	250	216
119	34	400	217
119	35	250	218
39	131	900	219
39	132	200	220
39	133	100	221
39	40	200	222
39	129	650	223
39	38	200	224
39	134	200	225
39	135	200	226
39	136	200	227
39	137	200	228
39	127	950	229
138	139	300	230
138	140	500	231
138	70	200	232
138	141	200	233
138	142	200	234
138	143	200	235
138	144	200	236
138	145	200	237
138	146	350	238
138	147	200	239
138	58	200	240
138	148	400	241
138	149	100	242
138	150	200	243
138	151	200	244
138	152	200	245
132	39	200	246
132	40	200	247
70	33	400	248
70	145	200	249
70	153	650	250
70	12	800	251
70	151	200	252
70	150	200	253
70	138	200	254
70	152	200	255
70	68	200	256
70	24	550	257
70	140	500	258
70	69	200	259
70	141	200	260
70	142	200	261
70	143	200	262
70	144	200	263
70	147	200	264
70	154	200	265
70	58	200	266
4	1	650	267
4	60	300	268
4	61	550	269
4	155	200	270
4	156	200	271
4	36	100	272
4	157	650	273
4	73	550	274
4	62	200	275
4	158	300	276
4	59	200	277
4	63	800	278
128	61	500	279
128	159	200	280
128	160	200	281
128	161	300	282
128	129	200	283
128	124	200	284
128	162	200	285
128	163	200	286
128	130	200	287
128	126	200	288
128	164	200	289
128	165	200	290
128	90	300	291
128	26	550	292
128	166	200	293
128	12	200	294
128	167	200	295
128	168	200	296
128	15	850	297
128	125	200	298
128	169	550	299
128	73	800	300
128	170	200	301
128	58	800	302
128	171	200	303
128	172	200	304
128	173	200	305
128	174	200	306
128	175	200	307
176	139	200	308
176	146	450	309
177	15	350	310
177	153	250	311
177	178	250	312
177	179	250	313
177	180	200	314
84	83	250	315
84	55	200	316
181	182	100	317
21	2	200	318
21	91	200	319
21	93	200	320
21	19	200	321
21	94	200	322
21	95	200	323
21	18	200	324
21	96	200	325
21	101	200	326
21	20	300	327
21	102	350	328
21	103	200	329
21	104	200	330
21	105	200	331
21	106	200	332
21	107	200	333
21	22	300	334
183	5	200	335
183	35	300	336
61	184	200	337
61	185	100	338
61	186	200	339
61	187	200	340
61	4	550	341
61	128	500	342
61	188	200	343
61	189	200	344
61	190	200	345
61	73	300	346
61	26	1350	347
61	59	550	348
61	191	200	349
192	24	300	350
192	25	300	351
192	26	300	352
192	27	200	353
192	28	200	354
193	24	300	355
193	25	300	356
193	26	200	357
193	27	300	358
193	28	200	359
31	117	200	360
31	120	200	361
31	121	200	362
31	29	200	363
31	123	200	364
31	122	200	365
43	42	500	366
43	46	800	367
43	194	200	368
43	41	200	369
160	140	1300	370
160	128	200	371
160	195	500	372
196	197	300	373
196	85	300	374
196	86	300	375
196	55	300	376
28	198	900	377
28	25	200	378
28	193	200	379
28	192	200	380
28	111	200	381
28	199	200	382
28	19	400	383
28	114	200	384
28	23	200	385
28	79	450	386
28	37	300	387
28	200	200	388
28	201	650	389
28	100	200	390
28	202	300	391
28	203	100	392
28	26	200	393
28	204	450	394
28	205	300	395
28	206	200	396
28	125	550	397
28	24	200	398
28	207	300	399
28	208	200	400
28	209	300	401
28	210	300	402
28	211	200	403
28	212	200	404
28	213	200	405
28	89	400	406
28	214	350	407
28	215	200	408
195	12	400	409
195	160	500	410
79	109	300	411
79	131	1250	412
79	24	550	413
79	82	400	414
79	216	400	415
79	108	300	416
79	217	400	417
79	27	650	418
79	28	450	419
79	218	300	420
79	219	250	421
79	78	350	422
79	110	300	423
79	220	400	424
161	128	300	425
161	12	200	426
80	109	250	427
80	131	1200	428
80	24	500	429
80	82	250	430
80	216	350	431
80	108	250	432
80	217	350	433
80	218	250	434
80	78	200	435
80	219	200	436
80	110	250	437
80	220	250	438
129	179	1150	439
129	156	350	440
129	159	200	441
129	221	100	442
129	153	850	443
129	124	200	444
129	163	200	445
129	110	600	446
129	130	200	447
129	126	200	448
129	39	650	449
129	165	200	450
129	127	200	451
129	90	300	452
129	26	750	453
129	166	200	454
129	12	200	455
129	167	200	456
129	168	200	457
129	125	200	458
129	24	550	459
129	128	200	460
129	73	500	461
129	170	200	462
129	171	200	463
129	172	200	464
129	173	200	465
129	174	200	466
129	175	200	467
222	25	200	468
222	26	200	469
99	6	1000	470
99	2	200	471
99	22	200	472
164	128	200	473
164	12	200	474
100	24	200	475
100	25	200	476
100	27	300	477
100	26	200	478
100	28	200	479
100	22	600	480
10	1	200	481
10	9	300	482
127	159	200	483
127	129	200	484
127	124	200	485
127	163	200	486
127	130	200	487
127	126	200	488
127	39	950	489
127	85	1200	490
127	90	300	491
127	165	200	492
127	26	550	493
127	12	200	494
127	166	200	495
127	167	200	496
127	168	200	497
127	125	200	498
127	223	600	499
127	86	1100	500
127	170	200	501
127	173	200	502
127	171	200	503
127	172	300	504
127	174	200	505
127	175	200	506
12	1	900	507
12	224	750	508
12	159	200	509
12	195	400	510
12	129	200	511
12	161	200	512
12	162	200	513
12	124	200	514
12	163	200	515
12	110	600	516
12	130	200	517
12	126	200	518
12	164	200	519
12	165	200	520
12	90	400	521
12	127	200	522
12	26	750	523
12	166	200	524
12	167	200	525
12	168	200	526
12	70	800	527
12	128	200	528
12	40	650	529
12	73	500	530
12	170	200	531
12	172	200	532
12	171	200	533
12	173	200	534
12	174	200	535
12	175	200	536
40	225	850	537
40	132	200	538
40	226	750	539
40	227	100	540
40	38	200	541
40	135	200	542
40	134	200	543
40	136	200	544
40	39	200	545
40	137	200	546
40	12	650	547
228	33	200	548
228	229	200	549
182	181	100	550
182	156	300	551
182	158	200	552
182	230	100	553
231	198	100	554
232	197	200	555
232	55	200	556
75	76	200	557
75	131	200	558
75	178	600	559
75	25	900	560
75	198	200	561
75	179	600	562
75	77	200	563
75	233	300	564
75	234	300	565
75	235	300	566
75	236	200	567
75	74	300	568
75	237	300	569
75	55	650	570
75	238	200	571
75	88	300	572
75	239	300	573
159	125	200	574
159	128	200	575
159	127	200	576
159	12	200	577
159	129	200	578
240	24	200	579
240	26	200	580
241	126	100	581
65	242	600	582
65	64	200	583
200	24	200	584
200	25	200	585
200	26	200	586
200	27	500	587
200	28	200	588
221	129	100	589
97	2	250	590
97	6	750	591
97	22	450	592
162	128	200	593
162	12	200	594
243	85	450	595
243	55	250	596
243	86	250	597
244	85	350	598
244	197	250	599
244	55	250	600
244	86	250	601
9	1	200	602
9	3	200	603
9	86	500	604
9	7	200	605
9	245	100	606
9	10	300	607
9	85	600	608
9	20	250	609
9	59	650	610
110	109	200	611
110	82	200	612
110	25	550	613
110	216	200	614
110	108	200	615
110	217	300	616
110	246	200	617
110	218	200	618
110	79	300	619
110	80	250	620
110	129	600	621
110	247	100	622
110	220	200	623
110	158	650	624
110	12	600	625
204	24	350	626
204	140	700	627
204	25	350	628
204	26	350	629
204	90	600	630
204	27	650	631
204	217	700	632
204	28	450	633
166	125	300	634
166	127	200	635
166	128	200	636
166	12	200	637
166	129	200	638
140	70	500	639
140	58	500	640
140	160	1300	641
140	204	700	642
140	138	500	643
248	249	1250	644
248	250	450	645
248	63	200	646
133	39	100	647
227	40	100	648
5	153	550	649
5	117	250	650
5	251	200	651
5	1	800	652
5	118	250	653
5	119	250	654
5	252	250	655
5	253	250	656
5	254	200	657
5	58	400	658
5	148	200	659
5	179	750	660
5	71	250	661
5	120	250	662
5	14	400	663
5	255	250	664
5	121	250	665
5	87	100	666
5	256	250	667
5	29	250	668
5	257	250	669
5	258	200	670
5	183	200	671
5	33	200	672
5	259	250	673
5	116	300	674
5	122	250	675
260	15	300	676
260	153	200	677
260	178	300	678
260	179	300	679
260	180	250	680
238	76	200	681
238	75	200	682
238	77	300	683
258	5	200	684
258	33	200	685
258	77	450	686
258	35	200	687
258	229	200	688
44	41	100	689
131	75	200	690
131	226	450	691
131	198	200	692
131	39	900	693
131	79	1250	694
131	80	1200	695
131	77	400	696
261	157	400	697
261	262	200	698
96	2	300	699
96	6	800	700
96	19	300	701
96	20	300	702
96	21	200	703
96	22	200	704
112	19	100	705
190	73	200	706
190	61	200	707
190	263	100	708
98	6	800	709
98	24	400	710
98	22	200	711
126	125	200	712
126	128	200	713
126	241	100	714
126	264	500	715
126	129	200	716
126	124	200	717
126	130	300	718
126	170	200	719
126	127	200	720
126	173	200	721
126	12	200	722
126	175	200	723
202	25	300	724
202	26	300	725
202	27	200	726
202	28	300	727
265	85	450	728
265	55	250	729
265	86	250	730
203	28	100	731
90	125	200	732
90	128	300	733
90	26	850	734
90	127	300	735
90	12	400	736
90	204	600	737
90	129	300	738
90	89	650	739
167	125	300	740
167	127	200	741
167	128	200	742
167	12	200	743
167	129	200	744
168	125	200	745
168	128	200	746
168	127	200	747
168	12	200	748
168	129	200	749
266	85	350	750
266	197	250	751
266	86	250	752
266	55	250	753
50	49	500	754
50	267	200	755
141	70	200	756
141	58	200	757
141	138	200	758
66	268	650	759
66	64	400	760
66	267	300	761
269	15	250	762
269	270	250	763
35	117	250	764
35	251	200	765
35	271	200	766
35	178	750	767
35	254	200	768
35	256	250	769
35	29	250	770
35	270	350	771
35	48	100	772
35	119	250	773
35	121	250	774
35	255	250	775
35	122	250	776
35	252	250	777
35	253	250	778
35	118	250	779
35	120	250	780
35	71	250	781
35	259	250	782
35	148	200	783
35	17	400	784
35	183	300	785
35	258	200	786
35	257	250	787
35	229	200	788
229	251	300	789
229	148	200	790
229	228	200	791
229	272	200	792
229	33	200	793
229	258	200	794
229	35	200	795
76	75	200	796
76	226	350	797
76	273	100	798
76	77	200	799
76	153	600	800
76	109	1250	801
76	233	200	802
76	197	750	803
76	236	200	804
76	235	200	805
76	234	200	806
76	74	200	807
76	237	200	808
76	238	200	809
76	88	200	810
76	239	200	811
225	223	200	812
225	40	850	813
225	77	650	814
60	4	300	815
60	62	200	816
60	59	300	817
226	76	350	818
226	131	450	819
226	223	200	820
226	198	350	821
226	40	750	822
226	77	550	823
274	24	200	824
274	26	200	825
101	2	300	826
101	19	300	827
101	20	300	828
101	21	200	829
101	22	200	830
165	125	200	831
165	128	200	832
165	127	200	833
165	12	200	834
165	129	200	835
20	2	200	836
20	91	300	837
20	25	400	838
20	93	300	839
20	94	300	840
20	95	350	841
20	18	300	842
20	96	300	843
20	9	250	844
20	101	300	845
20	102	350	846
20	104	300	847
20	103	300	848
20	275	100	849
20	6	800	850
20	105	200	851
20	106	300	852
20	21	300	853
20	22	200	854
20	107	350	855
205	24	300	856
205	25	200	857
205	26	300	858
205	27	300	859
205	28	300	860
206	24	300	861
206	25	300	862
206	26	300	863
206	27	200	864
206	28	200	865
276	277	300	866
276	224	200	867
276	179	200	868
278	15	250	869
278	153	250	870
278	178	250	871
278	179	250	872
143	70	200	873
143	58	200	874
143	138	200	875
277	179	300	876
277	224	300	877
277	276	300	878
135	39	200	879
135	40	200	880
136	39	200	881
136	40	200	882
58	139	400	883
58	25	550	884
58	145	200	885
58	57	100	886
58	138	200	887
58	150	200	888
58	151	200	889
58	152	200	890
58	15	650	891
58	140	500	892
58	70	200	893
58	69	200	894
58	141	200	895
58	128	800	896
58	142	200	897
58	5	400	898
58	143	200	899
58	144	200	900
58	147	200	901
58	146	350	902
148	251	200	903
148	279	900	904
148	280	100	905
148	5	200	906
148	33	200	907
148	138	400	908
148	229	200	909
148	35	200	910
281	51	200	911
281	282	200	912
257	5	250	913
257	33	250	914
257	35	250	915
251	148	200	916
251	272	200	917
251	5	200	918
251	116	200	919
251	35	200	920
251	229	300	921
279	15	250	922
279	153	250	923
279	178	250	924
279	179	250	925
279	148	900	926
198	75	200	927
198	131	200	928
198	226	350	929
198	27	1100	930
198	231	100	931
198	28	900	932
198	33	850	933
198	77	200	934
254	283	100	935
254	33	200	936
254	5	200	937
254	35	200	938
246	109	200	939
246	110	200	940
284	85	450	941
284	197	250	942
284	55	250	943
284	86	250	944
26	285	200	945
26	3	750	946
26	61	1350	947
26	193	200	948
26	192	300	949
26	23	300	950
26	28	200	951
26	37	200	952
26	129	750	953
26	222	200	954
26	202	300	955
26	100	200	956
26	127	550	957
26	90	850	958
26	12	750	959
26	209	300	960
26	212	300	961
26	213	200	962
26	89	300	963
26	22	400	964
26	2	700	965
26	25	200	966
26	111	300	967
26	199	300	968
26	27	400	969
26	114	300	970
26	240	200	971
26	115	200	972
26	200	200	973
26	274	200	974
26	204	350	975
26	206	300	976
26	205	300	977
26	109	550	978
26	24	200	979
26	128	550	980
26	102	750	981
26	207	400	982
26	208	200	983
26	6	1200	984
26	210	200	985
26	211	300	986
26	171	750	987
26	215	200	988
26	214	250	989
194	242	200	990
194	43	200	991
286	85	350	992
286	197	250	993
286	55	250	994
286	86	250	995
154	201	200	996
154	139	300	997
154	287	400	998
154	70	200	999
154	146	350	1000
154	288	450	1001
239	76	200	1002
239	75	300	1003
239	77	300	1004
156	4	200	1005
156	182	300	1006
156	289	300	1007
156	158	200	1008
156	129	350	1009
30	117	300	1010
30	118	400	1011
30	120	300	1012
30	121	300	1013
30	29	300	1014
30	123	200	1015
30	122	300	1016
220	109	200	1017
220	110	200	1018
220	216	200	1019
220	25	950	1020
220	79	400	1021
220	80	250	1022
290	85	350	1023
290	197	250	1024
290	55	250	1025
290	86	250	1026
109	76	1250	1027
109	82	200	1028
109	216	200	1029
109	108	200	1030
109	217	300	1031
109	246	200	1032
109	218	200	1033
109	79	300	1034
109	291	100	1035
109	80	250	1036
109	219	250	1037
109	292	100	1038
109	110	200	1039
109	220	200	1040
109	26	550	1041
293	85	250	1042
293	197	350	1043
293	55	250	1044
293	86	250	1045
24	193	300	1046
24	192	300	1047
24	23	300	1048
24	28	200	1049
24	79	550	1050
24	37	200	1051
24	80	500	1052
24	129	550	1053
24	98	400	1054
24	100	200	1055
24	26	200	1056
24	209	400	1057
24	213	300	1058
24	212	300	1059
24	89	300	1060
24	2	400	1061
24	25	200	1062
24	111	300	1063
24	199	300	1064
24	27	400	1065
24	114	300	1066
24	240	200	1067
24	200	200	1068
24	274	200	1069
24	204	350	1070
24	206	300	1071
24	205	300	1072
24	70	550	1073
24	207	300	1074
24	6	1000	1075
24	208	300	1076
24	210	200	1077
24	211	300	1078
24	215	200	1079
24	214	250	1080
118	30	400	1081
118	32	300	1082
118	5	250	1083
118	33	250	1084
118	34	300	1085
118	35	250	1086
56	52	300	1087
56	54	750	1088
6	2	900	1089
6	1	850	1090
6	93	800	1091
6	19	800	1092
6	94	800	1093
6	13	800	1094
6	18	800	1095
6	95	750	1096
6	96	800	1097
6	98	800	1098
6	97	750	1099
6	99	1000	1100
6	52	700	1101
6	26	1200	1102
6	20	800	1103
6	24	1000	1104
6	102	750	1105
6	104	900	1106
6	103	900	1107
6	105	800	1108
6	106	900	1109
6	107	750	1110
6	22	900	1111
16	268	200	1112
16	294	500	1113
16	14	300	1114
16	64	450	1115
211	24	300	1116
211	25	300	1117
211	26	300	1118
211	27	200	1119
211	28	200	1120
158	110	650	1121
158	4	300	1122
158	156	200	1123
158	182	200	1124
158	289	200	1125
139	287	200	1126
139	201	300	1127
139	25	750	1128
139	154	300	1129
139	58	400	1130
139	176	200	1131
139	288	250	1132
139	138	300	1133
295	153	250	1134
295	296	900	1135
295	297	250	1136
298	15	300	1137
298	153	200	1138
298	178	300	1139
298	179	300	1140
256	5	250	1141
256	33	250	1142
256	35	250	1143
85	299	350	1144
85	196	300	1145
85	77	850	1146
85	244	350	1147
85	243	450	1148
85	9	600	1149
85	265	450	1150
85	284	450	1151
85	127	1200	1152
85	290	350	1153
85	300	350	1154
85	301	600	1155
85	302	300	1156
85	266	350	1157
85	293	250	1158
85	286	350	1159
85	303	450	1160
85	83	250	1161
85	55	300	1162
122	30	300	1163
122	31	200	1164
122	32	200	1165
122	5	250	1166
122	33	250	1167
122	34	300	1168
122	35	250	1169
267	50	200	1170
267	282	200	1171
267	66	300	1172
302	85	300	1173
302	197	300	1174
302	55	300	1175
302	86	300	1176
223	225	200	1177
223	226	200	1178
223	169	250	1179
223	304	250	1180
223	264	300	1181
223	305	200	1182
223	306	750	1183
223	127	600	1184
184	73	200	1185
184	61	200	1186
283	254	100	1187
120	30	300	1188
120	31	200	1189
120	32	200	1190
120	33	250	1191
120	5	250	1192
120	35	250	1193
120	34	300	1194
280	148	100	1195
169	223	250	1196
169	128	550	1197
169	307	200	1198
169	264	250	1199
169	77	400	1200
169	305	250	1201
272	251	200	1202
272	229	200	1203
264	126	500	1204
264	223	300	1205
264	169	250	1206
189	73	200	1207
189	61	200	1208
146	287	350	1209
146	201	450	1210
146	25	900	1211
146	154	350	1212
146	58	350	1213
146	176	450	1214
146	138	350	1215
146	288	700	1216
294	308	200	1217
294	16	500	1218
170	125	300	1219
170	126	200	1220
170	127	200	1221
170	128	200	1222
170	12	200	1223
170	129	200	1224
45	153	350	1225
45	46	750	1226
45	41	950	1227
47	46	900	1228
47	153	200	1229
47	297	200	1230
271	309	300	1231
271	35	200	1232
309	271	300	1233
309	33	200	1234
27	198	1100	1235
27	25	400	1236
27	193	300	1237
27	192	200	1238
27	111	200	1239
27	19	600	1240
27	199	200	1241
27	114	200	1242
27	23	200	1243
27	79	650	1244
27	37	300	1245
27	200	500	1246
27	201	850	1247
27	100	300	1248
27	202	200	1249
27	26	400	1250
27	204	650	1251
27	205	300	1252
27	206	200	1253
27	125	750	1254
27	24	400	1255
27	207	200	1256
27	208	300	1257
27	209	200	1258
27	210	300	1259
27	211	200	1260
27	212	200	1261
27	213	300	1262
27	89	400	1263
27	214	250	1264
27	215	300	1265
180	15	250	1266
180	153	250	1267
180	260	250	1268
180	178	250	1269
180	179	250	1270
180	177	200	1271
307	169	200	1272
307	304	300	1273
33	117	250	1274
33	309	200	1275
33	254	200	1276
33	198	850	1277
33	256	250	1278
33	29	250	1279
33	119	250	1280
33	255	250	1281
33	121	250	1282
33	123	350	1283
33	122	250	1284
33	70	400	1285
33	118	250	1286
33	253	250	1287
33	252	250	1288
33	120	250	1289
33	71	250	1290
33	5	200	1291
33	259	250	1292
33	7	600	1293
33	148	200	1294
33	228	200	1295
33	257	250	1296
33	258	200	1297
33	229	200	1298
77	225	650	1299
77	75	200	1300
77	76	200	1301
77	131	400	1302
77	226	550	1303
77	198	200	1304
77	224	600	1305
77	85	850	1306
77	233	300	1307
77	169	400	1308
77	234	300	1309
77	235	300	1310
77	86	750	1311
77	74	300	1312
77	237	300	1313
77	238	300	1314
77	88	300	1315
77	258	450	1316
77	239	300	1317
121	30	300	1318
121	31	200	1319
121	32	200	1320
121	33	250	1321
121	5	250	1322
121	35	250	1323
121	34	300	1324
123	30	200	1325
123	31	200	1326
123	32	200	1327
123	33	350	1328
123	34	200	1329
300	85	350	1330
300	197	250	1331
300	55	250	1332
300	86	250	1333
69	70	200	1334
69	68	200	1335
69	58	200	1336
69	89	750	1337
102	6	750	1338
102	2	250	1339
102	19	250	1340
102	26	750	1341
102	20	350	1342
102	21	350	1343
102	22	250	1344
250	248	450	1345
250	197	700	1346
250	63	250	1347
207	24	300	1348
207	25	300	1349
207	26	400	1350
207	27	200	1351
207	28	300	1352
219	109	250	1353
219	79	250	1354
219	80	200	1355
245	9	100	1356
107	2	250	1357
107	6	750	1358
107	19	250	1359
107	20	350	1360
107	21	200	1361
107	22	350	1362
249	248	1250	1363
249	55	200	1364
178	15	200	1365
178	75	600	1366
178	279	250	1367
178	298	300	1368
178	179	200	1369
178	180	250	1370
178	297	200	1371
178	177	250	1372
178	278	250	1373
178	153	200	1374
178	260	300	1375
178	35	750	1376
51	42	200	1377
51	49	200	1378
51	281	200	1379
67	64	100	1380
149	138	100	1381
301	197	500	1382
301	85	600	1383
301	86	500	1384
301	55	500	1385
301	104	650	1386
63	310	200	1387
63	248	200	1388
63	4	800	1389
63	311	200	1390
63	59	600	1391
63	250	250	1392
191	73	200	1393
191	61	200	1394
310	311	500	1395
310	197	750	1396
310	63	200	1397
197	76	750	1398
197	232	200	1399
197	299	250	1400
197	3	500	1401
197	54	300	1402
197	196	300	1403
197	244	250	1404
197	284	250	1405
197	290	250	1406
197	301	500	1407
197	300	250	1408
197	302	300	1409
197	310	750	1410
197	266	250	1411
197	293	350	1412
197	286	250	1413
197	303	250	1414
197	250	700	1415
197	262	200	1416
197	55	200	1417
86	299	250	1418
86	54	500	1419
86	196	300	1420
86	77	750	1421
86	244	250	1422
86	243	250	1423
86	9	500	1424
86	265	250	1425
86	284	250	1426
86	127	1100	1427
86	290	250	1428
86	300	250	1429
86	301	500	1430
86	302	300	1431
86	266	250	1432
86	286	250	1433
86	293	250	1434
86	303	250	1435
86	83	250	1436
86	55	200	1437
104	6	900	1438
104	2	200	1439
104	19	200	1440
104	20	300	1441
104	301	650	1442
104	21	200	1443
104	22	200	1444
213	24	300	1445
213	25	300	1446
213	26	200	1447
213	27	300	1448
213	28	200	1449
179	15	200	1450
179	75	600	1451
179	178	200	1452
179	279	250	1453
179	298	300	1454
179	224	200	1455
179	180	250	1456
179	5	750	1457
179	276	200	1458
179	278	250	1459
179	177	250	1460
179	129	1150	1461
179	277	300	1462
179	306	200	1463
179	260	300	1464
153	47	200	1465
153	76	600	1466
153	312	200	1467
153	295	250	1468
153	313	200	1469
153	298	200	1470
153	279	250	1471
153	178	200	1472
153	180	250	1473
153	297	200	1474
153	129	850	1475
153	306	200	1476
153	15	200	1477
153	70	650	1478
153	5	550	1479
153	278	250	1480
153	177	250	1481
153	260	200	1482
153	17	450	1483
153	45	350	1484
255	5	250	1485
255	33	250	1486
255	35	250	1487
314	3	100	1488
303	85	450	1489
303	197	250	1490
303	55	250	1491
303	86	250	1492
188	73	200	1493
188	61	200	1494
103	2	200	1495
103	6	900	1496
103	19	200	1497
103	20	300	1498
103	21	200	1499
103	22	200	1500
208	24	300	1501
208	25	200	1502
208	26	200	1503
208	27	300	1504
208	28	200	1505
17	153	450	1506
17	46	450	1507
17	14	200	1508
17	35	400	1509
17	41	250	1510
32	117	200	1511
32	118	300	1512
32	119	300	1513
32	120	200	1514
32	121	200	1515
32	29	200	1516
32	122	200	1517
32	123	200	1518
171	125	300	1519
171	128	200	1520
171	26	750	1521
171	127	200	1522
171	12	200	1523
171	129	200	1524
288	201	350	1525
288	139	250	1526
288	147	450	1527
288	146	700	1528
288	154	450	1529
282	281	200	1530
282	267	200	1531
106	2	200	1532
106	6	900	1533
106	19	200	1534
106	20	300	1535
106	21	200	1536
106	22	300	1537
308	268	200	1538
308	294	200	1539
268	308	200	1540
268	42	250	1541
268	16	200	1542
268	66	650	1543
42	268	250	1544
42	296	350	1545
42	51	200	1546
42	43	500	1547
42	41	200	1548
42	315	100	1549
285	25	400	1550
285	26	200	1551
296	42	350	1552
296	295	900	1553
224	277	300	1554
224	306	200	1555
224	270	200	1556
224	15	200	1557
224	179	200	1558
224	12	750	1559
224	297	200	1560
224	77	600	1561
224	276	200	1562
54	2	750	1563
54	53	800	1564
54	52	950	1565
54	197	300	1566
54	55	300	1567
54	86	500	1568
54	22	750	1569
54	56	750	1570
270	306	200	1571
270	224	200	1572
270	297	200	1573
270	269	250	1574
270	35	350	1575
201	139	300	1576
201	287	300	1577
201	146	450	1578
201	154	200	1579
201	27	850	1580
201	28	650	1581
201	288	350	1582
253	5	250	1583
253	33	250	1584
253	35	250	1585
233	75	300	1586
233	76	200	1587
233	77	300	1588
236	76	200	1589
236	75	200	1590
259	5	250	1591
259	33	250	1592
259	35	250	1593
237	76	200	1594
237	75	300	1595
237	77	300	1596
209	24	400	1597
209	25	400	1598
209	27	200	1599
209	26	300	1600
209	28	300	1601
299	85	350	1602
299	197	250	1603
299	55	250	1604
299	86	250	1605
91	2	200	1606
91	19	200	1607
91	20	300	1608
91	21	200	1609
91	22	200	1610
94	2	200	1611
94	6	800	1612
94	19	200	1613
94	20	300	1614
94	21	200	1615
94	22	200	1616
217	109	300	1617
217	110	300	1618
217	204	700	1619
217	79	400	1620
217	80	350	1621
297	153	200	1622
297	270	200	1623
297	306	200	1624
297	47	200	1625
297	312	200	1626
297	295	250	1627
297	313	200	1628
297	178	200	1629
297	224	200	1630
263	190	100	1631
306	153	200	1632
306	270	200	1633
306	223	750	1634
306	179	200	1635
306	224	200	1636
306	297	200	1637
62	60	200	1638
62	4	200	1639
62	59	200	1640
289	156	300	1641
289	158	200	1642
150	70	200	1643
150	58	200	1644
150	138	200	1645
235	75	300	1646
235	76	200	1647
235	77	300	1648
73	184	200	1649
73	186	200	1650
73	187	200	1651
73	61	300	1652
73	4	550	1653
73	72	100	1654
73	128	800	1655
73	188	200	1656
73	189	200	1657
73	129	500	1658
73	190	200	1659
73	12	500	1660
73	191	200	1661
275	20	100	1662
7	1	200	1663
7	9	200	1664
7	19	250	1665
7	55	500	1666
7	11	400	1667
7	33	600	1668
7	22	550	1669
210	24	200	1670
210	25	200	1671
210	26	200	1672
210	27	300	1673
210	28	300	1674
55	75	650	1675
55	232	200	1676
55	299	250	1677
55	249	200	1678
55	54	300	1679
55	196	300	1680
55	243	250	1681
55	244	250	1682
55	265	250	1683
55	52	850	1684
55	284	250	1685
55	85	300	1686
55	290	250	1687
55	301	500	1688
55	300	250	1689
55	302	300	1690
55	266	250	1691
55	286	250	1692
55	293	250	1693
55	197	200	1694
55	303	250	1695
55	86	200	1696
55	262	200	1697
55	84	200	1698
55	7	500	1699
55	11	300	1700
172	125	200	1701
172	127	300	1702
172	128	200	1703
172	12	200	1704
172	129	200	1705
174	125	300	1706
174	128	200	1707
174	127	200	1708
174	12	200	1709
174	129	200	1710
215	24	200	1711
215	25	200	1712
215	26	200	1713
215	27	300	1714
215	28	200	1715
312	153	200	1716
312	297	200	1717
3	1	200	1718
3	9	200	1719
3	26	750	1720
3	197	500	1721
3	314	100	1722
3	11	400	1723
3	22	250	1724
313	153	200	1725
313	297	200	1726
186	73	200	1727
186	61	200	1728
155	134	1300	1729
155	4	200	1730
311	310	500	1731
311	63	200	1732
218	109	200	1733
218	110	200	1734
218	79	300	1735
218	80	250	1736
163	125	300	1737
163	127	200	1738
163	128	200	1739
163	12	200	1740
163	129	200	1741
145	70	200	1742
145	58	200	1743
145	138	200	1744
134	39	200	1745
134	155	1300	1746
134	40	200	1747
116	251	200	1748
116	114	1550	1749
116	5	300	1750
287	201	300	1751
287	139	200	1752
287	146	350	1753
287	154	400	1754
187	73	200	1755
187	61	200	1756
252	5	250	1757
252	33	250	1758
252	35	250	1759
157	4	650	1760
157	261	400	1761
262	261	200	1762
262	197	200	1763
262	55	200	1764
144	70	200	1765
144	58	200	1766
144	138	200	1767
242	65	600	1768
242	194	200	1769
212	24	300	1770
212	25	300	1771
212	26	300	1772
212	27	200	1773
212	28	200	1774
173	125	200	1775
173	126	200	1776
173	127	200	1777
173	128	200	1778
173	12	200	1779
173	129	200	1780
117	30	300	1781
117	31	200	1782
117	32	200	1783
117	33	250	1784
117	5	250	1785
117	35	250	1786
117	34	300	1787
273	76	100	1788
82	109	200	1789
82	110	200	1790
82	81	100	1791
82	79	400	1792
82	80	250	1793
93	2	200	1794
93	6	800	1795
93	19	200	1796
93	20	300	1797
93	21	200	1798
93	22	200	1799
25	285	400	1800
25	139	750	1801
25	193	300	1802
25	192	300	1803
25	23	300	1804
25	28	200	1805
25	37	200	1806
25	222	200	1807
25	202	300	1808
25	100	200	1809
25	26	200	1810
25	146	900	1811
25	209	400	1812
25	212	300	1813
25	213	300	1814
25	89	300	1815
25	75	900	1816
25	111	300	1817
25	199	300	1818
25	27	400	1819
25	114	300	1820
25	115	200	1821
25	200	200	1822
25	110	550	1823
25	220	950	1824
25	20	400	1825
25	204	350	1826
25	206	300	1827
25	205	200	1828
25	24	200	1829
25	207	300	1830
25	208	200	1831
25	210	200	1832
25	211	300	1833
25	58	550	1834
25	215	200	1835
25	214	250	1836
216	109	200	1837
216	110	200	1838
216	220	200	1839
216	79	400	1840
216	80	350	1841
199	24	300	1842
199	25	300	1843
199	26	300	1844
199	27	200	1845
199	28	200	1846
95	2	250	1847
95	6	750	1848
95	19	250	1849
95	20	350	1850
95	21	200	1851
95	22	350	1852
115	25	200	1853
115	26	200	1854
115	114	500	1855
305	223	200	1856
305	169	250	1857
53	52	250	1858
53	54	800	1859
137	39	200	1860
137	40	200	1861
151	70	200	1862
151	58	200	1863
151	138	200	1864
152	70	200	1865
152	58	200	1866
152	138	200	1867
230	182	100	1868
15	178	200	1869
15	279	250	1870
15	298	300	1871
15	14	450	1872
15	179	200	1873
15	224	200	1874
15	128	850	1875
15	180	250	1876
15	278	250	1877
15	269	250	1878
15	177	350	1879
15	153	200	1880
15	260	300	1881
15	58	650	1882
125	27	750	1883
125	159	200	1884
125	28	550	1885
125	129	200	1886
125	163	300	1887
125	124	200	1888
125	126	200	1889
125	130	200	1890
125	165	200	1891
125	90	200	1892
125	127	200	1893
125	166	300	1894
125	167	300	1895
125	168	200	1896
125	128	200	1897
125	170	300	1898
125	173	200	1899
125	172	200	1900
125	171	300	1901
125	174	300	1902
125	175	200	1903
185	61	100	1904
234	75	300	1905
234	76	200	1906
234	77	300	1907
304	223	250	1908
304	307	300	1909
142	70	200	1910
142	58	200	1911
142	138	200	1912
315	42	100	1913
291	109	100	1914
247	110	100	1915
8	1	400	1916
8	11	200	1917
147	70	200	1918
147	58	200	1919
147	138	200	1920
147	288	450	1921
292	109	100	1922
105	6	800	1923
105	2	200	1924
105	19	200	1925
105	20	200	1926
105	21	200	1927
105	22	200	1928
11	1	400	1929
11	3	400	1930
11	7	400	1931
11	8	200	1932
11	55	300	1933
214	24	250	1934
214	25	250	1935
214	26	250	1936
214	27	250	1937
214	28	350	1938
175	125	200	1939
175	126	200	1940
175	127	200	1941
175	128	200	1942
175	12	200	1943
175	129	200	1944