315	1944					
						
0	1	250	1			
0	2	200	2			
0	3	650	3			
0	4	800	4			
0	5	850	5			
0	6	200	6			
0	7	400	7			
0	8	200	8			
0	9	200	9			
0	10	400	10			
0	11	900	11			
12	1	200	12			
12	5	800	13			
13	14	450	14			
13	15	300	15			
13	16	200	16			
13	4	400	17			
17	5	800	18			
17	1	200	19			
17	18	200	20			
17	19	300	21			
17	20	200	22			
17	21	200	23			
22	23	300	24			
22	24	300	25			
22	25	300	26			
22	26	200	27			
22	27	200	28			
28	29	300	29			
28	30	200	30			
28	31	200	31			
28	4	250	32			
28	32	250	33			
28	33	300	34			
28	34	250	35			
35	3	100	36			
36	23	200	37			
36	24	200	38			
36	26	300	39			
36	25	200	40			
36	27	300	41			
37	38	200	42			
37	39	200	43			
40	41	200	44			
40	42	200	45			
40	16	250	46			
40	43	100	47			
40	44	950	48			
45	46	900	49			
45	42	800	50			
45	16	450	51			
45	44	750	52			
47	34	100	53			
48	49	500	54			
48	50	200	55			
51	5	700	56			
51	52	250	57			
51	53	950	58			
51	54	850	59			
51	55	300	60			
51	21	1600	61			
56	57	100	62			
58	8	650	63			
58	59	300	64			
58	3	200	65			
58	60	550	66			
58	61	200	67			
58	62	600	68			
63	15	450	69			
63	64	200	70			
63	65	400	71			
63	66	100	72			
67	68	200	73			
67	69	200	74			
70	32	250	75			
70	4	250	76			
70	34	250	77			
71	72	100	78			
73	74	300	79			
73	75	200	80			
73	76	300	81			
77	78	350	82			
77	79	200	83			
80	81	100	84			
82	83	250	85			
82	84	250	86			
82	85	250	87			
86	4	100	88			
87	74	300	89			
87	75	200	90			
87	76	300	91			
88	68	750	92			
88	23	300	93			
88	24	300	94			
88	25	300	95			
88	89	650	96			
88	26	400	97			
88	27	400	98			
21	1	200	99			
21	2	250	100			
21	90	200	101			
21	91	200	102			
21	92	200	103			
21	18	200	104			
21	93	200	105			
21	53	750	106			
21	94	350	107			
21	17	200	108			
21	95	200	109			
21	96	450	110			
21	97	200	111			
21	98	200	112			
21	51	1600	113			
21	99	600	114			
21	100	200	115			
21	25	400	116			
21	19	200	117			
21	101	250	118			
21	102	200	119			
21	103	200	120			
21	5	900	121			
21	6	550	122			
21	104	200	123			
21	105	300	124			
21	20	300	125			
21	106	350	126			
1	0	250	127			
1	90	200	128			
1	92	200	129			
1	12	200	130			
1	53	750	131			
1	18	200	132			
1	93	200	133			
1	17	200	134			
1	94	250	135			
1	95	300	136			
1	96	250	137			
1	98	200	138			
1	100	300	139			
1	25	700	140			
1	19	200	141			
1	23	400	142			
1	101	250	143			
1	102	200	144			
1	103	200	145			
1	5	900	146			
1	104	200	147			
1	20	200	148			
1	105	200	149			
1	106	250	150			
1	21	200	151			
107	108	200	152			
107	109	200	153			
107	78	300	154			
107	79	250	155			
91	18	200	156			
91	21	200	157			
110	23	300	158			
110	24	300	159			
110	26	200	160			
110	25	300	161			
110	27	200	162			
18	1	200	163			
18	90	200	164			
18	91	200	165			
18	92	200	166			
18	93	200	167			
18	94	250	168			
18	17	200	169			
18	26	600	170			
18	27	400	171			
18	95	300	172			
18	111	100	173			
18	112	100	174			
18	100	300	175			
18	101	250	176			
18	103	200	177			
18	102	200	178			
18	5	800	179			
18	6	250	180			
18	104	200	181			
18	105	200	182			
18	20	200	183			
18	106	250	184			
18	21	200	185			
113	23	300	186			
113	24	300	187			
113	26	200	188			
113	25	300	189			
113	114	500	190			
113	27	200	191			
113	115	1550	192			
33	116	300	193			
33	117	300	194			
33	118	400	195			
33	119	300	196			
33	120	300	197			
33	28	300	198			
33	121	300	199			
33	122	200	200			
123	124	200	201			
123	125	200	202			
123	126	200	203			
123	127	200	204			
123	11	200	205			
123	128	200	206			
129	124	200	207			
129	125	300	208			
129	126	200	209			
129	127	200	210			
129	11	200	211			
129	128	200	212			
112	18	100	213			
118	31	300	214			
118	4	250	215			
118	32	250	216			
118	33	400	217			
118	34	250	218			
38	130	900	219			
38	131	200	220			
38	132	100	221			
38	39	200	222			
38	128	650	223			
38	37	200	224			
38	133	200	225			
38	134	200	226			
38	135	200	227			
38	136	200	228			
38	126	950	229			
137	138	300	230			
137	139	500	231			
137	69	200	232			
137	140	200	233			
137	141	200	234			
137	142	200	235			
137	143	200	236			
137	144	200	237			
137	145	350	238			
137	146	200	239			
137	57	200	240			
137	147	400	241			
137	148	100	242			
137	149	200	243			
137	150	200	244			
137	151	200	245			
131	38	200	246			
131	39	200	247			
69	32	400	248			
69	144	200	249			
69	152	650	250			
69	11	800	251			
69	150	200	252			
69	149	200	253			
69	137	200	254			
69	151	200	255			
69	67	200	256			
69	23	550	257			
69	139	500	258			
69	68	200	259			
69	140	200	260			
69	141	200	261			
69	142	200	262			
69	143	200	263			
69	146	200	264			
69	153	200	265			
69	57	200	266			
3	0	650	267			
3	59	300	268			
3	60	550	269			
3	154	200	270			
3	155	200	271			
3	35	100	272			
3	156	650	273			
3	72	550	274			
3	61	200	275			
3	157	300	276			
3	58	200	277			
3	62	800	278			
127	60	500	279			
127	158	200	280			
127	159	200	281			
127	160	300	282			
127	128	200	283			
127	123	200	284			
127	161	200	285			
127	162	200	286			
127	129	200	287			
127	125	200	288			
127	163	200	289			
127	164	200	290			
127	89	300	291			
127	25	550	292			
127	165	200	293			
127	11	200	294			
127	166	200	295			
127	167	200	296			
127	14	850	297			
127	124	200	298			
127	168	550	299			
127	72	800	300			
127	169	200	301			
127	57	800	302			
127	170	200	303			
127	171	200	304			
127	172	200	305			
127	173	200	306			
127	174	200	307			
175	138	200	308			
175	145	450	309			
176	14	350	310			
176	152	250	311			
176	177	250	312			
176	178	250	313			
176	179	200	314			
83	82	250	315			
83	54	200	316			
180	181	100	317			
20	1	200	318			
20	90	200	319			
20	92	200	320			
20	18	200	321			
20	93	200	322			
20	94	200	323			
20	17	200	324			
20	95	200	325			
20	100	200	326			
20	19	300	327			
20	101	350	328			
20	102	200	329			
20	103	200	330			
20	104	200	331			
20	105	200	332			
20	106	200	333			
20	21	300	334			
182	4	200	335			
182	34	300	336			
60	183	200	337			
60	184	100	338			
60	185	200	339			
60	186	200	340			
60	3	550	341			
60	127	500	342			
60	187	200	343			
60	188	200	344			
60	189	200	345			
60	72	300	346			
60	25	1350	347			
60	58	550	348			
60	190	200	349			
191	23	300	350			
191	24	300	351			
191	25	300	352			
191	26	200	353			
191	27	200	354			
192	23	300	355			
192	24	300	356			
192	25	200	357			
192	26	300	358			
192	27	200	359			
30	116	200	360			
30	119	200	361			
30	120	200	362			
30	28	200	363			
30	122	200	364			
30	121	200	365			
42	41	500	366			
42	45	800	367			
42	193	200	368			
42	40	200	369			
159	139	1300	370			
159	127	200	371			
159	194	500	372			
195	196	300	373			
195	84	300	374			
195	85	300	375			
195	54	300	376			
27	197	900	377			
27	24	200	378			
27	192	200	379			
27	191	200	380			
27	110	200	381			
27	198	200	382			
27	18	400	383			
27	113	200	384			
27	22	200	385			
27	78	450	386			
27	36	300	387			
27	199	200	388			
27	200	650	389			
27	99	200	390			
27	201	300	391			
27	202	100	392			
27	25	200	393			
27	203	450	394			
27	204	300	395			
27	205	200	396			
27	124	550	397			
27	23	200	398			
27	206	300	399			
27	207	200	400			
27	208	300	401			
27	209	300	402			
27	210	200	403			
27	211	200	404			
27	212	200	405			
27	88	400	406			
27	213	350	407			
27	214	200	408			
194	11	400	409			
194	159	500	410			
78	108	300	411			
78	130	1250	412			
78	23	550	413			
78	81	400	414			
78	215	400	415			
78	107	300	416			
78	216	400	417			
78	26	650	418			
78	27	450	419			
78	217	300	420			
78	218	250	421			
78	77	350	422			
78	109	300	423			
78	219	400	424			
160	127	300	425			
160	11	200	426			
79	108	250	427			
79	130	1200	428			
79	23	500	429			
79	81	250	430			
79	215	350	431			
79	107	250	432			
79	216	350	433			
79	217	250	434			
79	77	200	435			
79	218	200	436			
79	109	250	437			
79	219	250	438			
128	178	1150	439			
128	155	350	440			
128	158	200	441			
128	220	100	442			
128	152	850	443			
128	123	200	444			
128	162	200	445			
128	109	600	446			
128	129	200	447			
128	125	200	448			
128	38	650	449			
128	164	200	450			
128	126	200	451			
128	89	300	452			
128	25	750	453			
128	165	200	454			
128	11	200	455			
128	166	200	456			
128	167	200	457			
128	124	200	458			
128	23	550	459			
128	127	200	460			
128	72	500	461			
128	169	200	462			
128	170	200	463			
128	171	200	464			
128	172	200	465			
128	173	200	466			
128	174	200	467			
221	24	200	468			
221	25	200	469			
98	5	1000	470			
98	1	200	471			
98	21	200	472			
163	127	200	473			
163	11	200	474			
99	23	200	475			
99	24	200	476			
99	26	300	477			
99	25	200	478			
99	27	200	479			
99	21	600	480			
9	0	200	481			
9	8	300	482			
126	158	200	483			
126	128	200	484			
126	123	200	485			
126	162	200	486			
126	129	200	487			
126	125	200	488			
126	38	950	489			
126	84	1200	490			
126	89	300	491			
126	164	200	492			
126	25	550	493			
126	11	200	494			
126	165	200	495			
126	166	200	496			
126	167	200	497			
126	124	200	498			
126	222	600	499			
126	85	1100	500			
126	169	200	501			
126	172	200	502			
126	170	200	503			
126	171	300	504			
126	173	200	505			
126	174	200	506			
11	0	900	507			
11	223	750	508			
11	158	200	509			
11	194	400	510			
11	128	200	511			
11	160	200	512			
11	161	200	513			
11	123	200	514			
11	162	200	515			
11	109	600	516			
11	129	200	517			
11	125	200	518			
11	163	200	519			
11	164	200	520			
11	89	400	521			
11	126	200	522			
11	25	750	523			
11	165	200	524			
11	166	200	525			
11	167	200	526			
11	69	800	527			
11	127	200	528			
11	39	650	529			
11	72	500	530			
11	169	200	531			
11	171	200	532			
11	170	200	533			
11	172	200	534			
11	173	200	535			
11	174	200	536			
39	224	850	537			
39	131	200	538			
39	225	750	539			
39	226	100	540			
39	37	200	541			
39	134	200	542			
39	133	200	543			
39	135	200	544			
39	38	200	545			
39	136	200	546			
39	11	650	547			
227	32	200	548			
227	228	200	549			
181	180	100	550			
181	155	300	551			
181	157	200	552			
181	229	100	553			
230	197	100	554			
231	196	200	555			
231	54	200	556			
74	75	200	557			
74	130	200	558			
74	177	600	559			
74	24	900	560			
74	197	200	561			
74	178	600	562			
74	76	200	563			
74	232	300	564			
74	233	300	565			
74	234	300	566			
74	235	200	567			
74	73	300	568			
74	236	300	569			
74	54	650	570			
74	237	200	571			
74	87	300	572			
74	238	300	573			
158	124	200	574			
158	127	200	575			
158	126	200	576			
158	11	200	577			
158	128	200	578			
239	23	200	579			
239	25	200	580			
240	125	100	581			
64	241	600	582			
64	63	200	583			
199	23	200	584			
199	24	200	585			
199	25	200	586			
199	26	500	587			
199	27	200	588			
220	128	100	589			
96	1	250	590			
96	5	750	591			
96	21	450	592			
161	127	200	593			
161	11	200	594			
242	84	450	595			
242	54	250	596			
242	85	250	597			
243	84	350	598			
243	196	250	599			
243	54	250	600			
243	85	250	601			
8	0	200	602			
8	2	200	603			
8	85	500	604			
8	6	200	605			
8	244	100	606			
8	9	300	607			
8	84	600	608			
8	19	250	609			
8	58	650	610			
109	108	200	611			
109	81	200	612			
109	24	550	613			
109	215	200	614			
109	107	200	615			
109	216	300	616			
109	245	200	617			
109	217	200	618			
109	78	300	619			
109	79	250	620			
109	128	600	621			
109	246	100	622			
109	219	200	623			
109	157	650	624			
109	11	600	625			
203	23	350	626			
203	139	700	627			
203	24	350	628			
203	25	350	629			
203	89	600	630			
203	26	650	631			
203	216	700	632			
203	27	450	633			
165	124	300	634			
165	126	200	635			
165	127	200	636			
165	11	200	637			
165	128	200	638			
139	69	500	639			
139	57	500	640			
139	159	1300	641			
139	203	700	642			
139	137	500	643			
247	248	1250	644			
247	249	450	645			
247	62	200	646			
132	38	100	647			
226	39	100	648			
4	152	550	649			
4	116	250	650			
4	250	200	651			
4	0	800	652			
4	117	250	653			
4	118	250	654			
4	251	250	655			
4	252	250	656			
4	253	200	657			
4	57	400	658			
4	147	200	659			
4	178	750	660			
4	70	250	661			
4	119	250	662			
4	13	400	663			
4	254	250	664			
4	120	250	665			
4	86	100	666			
4	255	250	667			
4	28	250	668			
4	256	250	669			
4	257	200	670			
4	182	200	671			
4	32	200	672			
4	258	250	673			
4	115	300	674			
4	121	250	675			
259	14	300	676			
259	152	200	677			
259	177	300	678			
259	178	300	679			
259	179	250	680			
237	75	200	681			
237	74	200	682			
237	76	300	683			
257	4	200	684			
257	32	200	685			
257	76	450	686			
257	34	200	687			
257	228	200	688			
43	40	100	689			
130	74	200	690			
130	225	450	691			
130	197	200	692			
130	38	900	693			
130	78	1250	694			
130	79	1200	695			
130	76	400	696			
260	156	400	697			
260	261	200	698			
95	1	300	699			
95	5	800	700			
95	18	300	701			
95	19	300	702			
95	20	200	703			
95	21	200	704			
111	18	100	705			
189	72	200	706			
189	60	200	707			
189	262	100	708			
97	5	800	709			
97	23	400	710			
97	21	200	711			
125	124	200	712			
125	127	200	713			
125	240	100	714			
125	263	500	715			
125	128	200	716			
125	123	200	717			
125	129	300	718			
125	169	200	719			
125	126	200	720			
125	172	200	721			
125	11	200	722			
125	174	200	723			
201	24	300	724			
201	25	300	725			
201	26	200	726			
201	27	300	727			
264	84	450	728			
264	54	250	729			
264	85	250	730			
202	27	100	731			
89	124	200	732			
89	127	300	733			
89	25	850	734			
89	126	300	735			
89	11	400	736			
89	203	600	737			
89	128	300	738			
89	88	650	739			
166	124	300	740			
166	126	200	741			
166	127	200	742			
166	11	200	743			
166	128	200	744			
167	124	200	745			
167	127	200	746			
167	126	200	747			
167	11	200	748			
167	128	200	749			
265	84	350	750			
265	196	250	751			
265	85	250	752			
265	54	250	753			
49	48	500	754			
49	266	200	755			
140	69	200	756			
140	57	200	757			
140	137	200	758			
65	267	650	759			
65	63	400	760			
65	266	300	761			
268	14	250	762			
268	269	250	763			
34	116	250	764			
34	250	200	765			
34	270	200	766			
34	177	750	767			
34	253	200	768			
34	255	250	769			
34	28	250	770			
34	269	350	771			
34	47	100	772			
34	118	250	773			
34	120	250	774			
34	254	250	775			
34	121	250	776			
34	251	250	777			
34	252	250	778			
34	117	250	779			
34	119	250	780			
34	70	250	781			
34	258	250	782			
34	147	200	783			
34	16	400	784			
34	182	300	785			
34	257	200	786			
34	256	250	787			
34	228	200	788			
228	250	300	789			
228	147	200	790			
228	227	200	791			
228	271	200	792			
228	32	200	793			
228	257	200	794			
228	34	200	795			
75	74	200	796			
75	225	350	797			
75	272	100	798			
75	76	200	799			
75	152	600	800			
75	108	1250	801			
75	232	200	802			
75	196	750	803			
75	235	200	804			
75	234	200	805			
75	233	200	806			
75	73	200	807			
75	236	200	808			
75	237	200	809			
75	87	200	810			
75	238	200	811			
224	222	200	812			
224	39	850	813			
224	76	650	814			
59	3	300	815			
59	61	200	816			
59	58	300	817			
225	75	350	818			
225	130	450	819			
225	222	200	820			
225	197	350	821			
225	39	750	822			
225	76	550	823			
273	23	200	824			
273	25	200	825			
100	1	300	826			
100	18	300	827			
100	19	300	828			
100	20	200	829			
100	21	200	830			
164	124	200	831			
164	127	200	832			
164	126	200	833			
164	11	200	834			
164	128	200	835			
19	1	200	836			
19	90	300	837			
19	24	400	838			
19	92	300	839			
19	93	300	840			
19	94	350	841			
19	17	300	842			
19	95	300	843			
19	8	250	844			
19	100	300	845			
19	101	350	846			
19	103	300	847			
19	102	300	848			
19	274	100	849			
19	5	800	850			
19	104	200	851			
19	105	300	852			
19	20	300	853			
19	21	200	854			
19	106	350	855			
204	23	300	856			
204	24	200	857			
204	25	300	858			
204	26	300	859			
204	27	300	860			
205	23	300	861			
205	24	300	862			
205	25	300	863			
205	26	200	864			
205	27	200	865			
275	276	300	866			
275	223	200	867			
275	178	200	868			
277	14	250	869			
277	152	250	870			
277	177	250	871			
277	178	250	872			
142	69	200	873			
142	57	200	874			
142	137	200	875			
276	178	300	876			
276	223	300	877			
276	275	300	878			
134	38	200	879			
134	39	200	880			
135	38	200	881			
135	39	200	882			
57	138	400	883			
57	24	550	884			
57	144	200	885			
57	56	100	886			
57	137	200	887			
57	149	200	888			
57	150	200	889			
57	151	200	890			
57	14	650	891			
57	139	500	892			
57	69	200	893			
57	68	200	894			
57	140	200	895			
57	127	800	896			
57	141	200	897			
57	4	400	898			
57	142	200	899			
57	143	200	900			
57	146	200	901			
57	145	350	902			
147	250	200	903			
147	278	900	904			
147	279	100	905			
147	4	200	906			
147	32	200	907			
147	137	400	908			
147	228	200	909			
147	34	200	910			
280	50	200	911			
280	281	200	912			
256	4	250	913			
256	32	250	914			
256	34	250	915			
250	147	200	916			
250	271	200	917			
250	4	200	918			
250	115	200	919			
250	34	200	920			
250	228	300	921			
278	14	250	922			
278	152	250	923			
278	177	250	924			
278	178	250	925			
278	147	900	926			
197	74	200	927			
197	130	200	928			
197	225	350	929			
197	26	1100	930			
197	230	100	931			
197	27	900	932			
197	32	850	933			
197	76	200	934			
253	282	100	935			
253	32	200	936			
253	4	200	937			
253	34	200	938			
245	108	200	939			
245	109	200	940			
283	84	450	941			
283	196	250	942			
283	54	250	943			
283	85	250	944			
25	284	200	945			
25	2	750	946			
25	60	1350	947			
25	192	200	948			
25	191	300	949			
25	22	300	950			
25	27	200	951			
25	36	200	952			
25	128	750	953			
25	221	200	954			
25	201	300	955			
25	99	200	956			
25	126	550	957			
25	89	850	958			
25	11	750	959			
25	208	300	960			
25	211	300	961			
25	212	200	962			
25	88	300	963			
25	21	400	964			
25	1	700	965			
25	24	200	966			
25	110	300	967			
25	198	300	968			
25	26	400	969			
25	113	300	970			
25	239	200	971			
25	114	200	972			
25	199	200	973			
25	273	200	974			
25	203	350	975			
25	205	300	976			
25	204	300	977			
25	108	550	978			
25	23	200	979			
25	127	550	980			
25	101	750	981			
25	206	400	982			
25	207	200	983			
25	5	1200	984			
25	209	200	985			
25	210	300	986			
25	170	750	987			
25	214	200	988			
25	213	250	989			
193	241	200	990			
193	42	200	991			
285	84	350	992			
285	196	250	993			
285	54	250	994			
285	85	250	995			
153	200	200	996			
153	138	300	997			
153	286	400	998			
153	69	200	999			
153	145	350	1000			
153	287	450	1001			
238	75	200	1002			
238	74	300	1003			
238	76	300	1004			
155	3	200	1005			
155	181	300	1006			
155	288	300	1007			
155	157	200	1008			
155	128	350	1009			
29	116	300	1010			
29	117	400	1011			
29	119	300	1012			
29	120	300	1013			
29	28	300	1014			
29	122	200	1015			
29	121	300	1016			
219	108	200	1017			
219	109	200	1018			
219	215	200	1019			
219	24	950	1020			
219	78	400	1021			
219	79	250	1022			
289	84	350	1023			
289	196	250	1024			
289	54	250	1025			
289	85	250	1026			
108	75	1250	1027			
108	81	200	1028			
108	215	200	1029			
108	107	200	1030			
108	216	300	1031			
108	245	200	1032			
108	217	200	1033			
108	78	300	1034			
108	290	100	1035			
108	79	250	1036			
108	218	250	1037			
108	291	100	1038			
108	109	200	1039			
108	219	200	1040			
108	25	550	1041			
292	84	250	1042			
292	196	350	1043			
292	54	250	1044			
292	85	250	1045			
23	192	300	1046			
23	191	300	1047			
23	22	300	1048			
23	27	200	1049			
23	78	550	1050			
23	36	200	1051			
23	79	500	1052			
23	128	550	1053			
23	97	400	1054			
23	99	200	1055			
23	25	200	1056			
23	208	400	1057			
23	212	300	1058			
23	211	300	1059			
23	88	300	1060			
23	1	400	1061			
23	24	200	1062			
23	110	300	1063			
23	198	300	1064			
23	26	400	1065			
23	113	300	1066			
23	239	200	1067			
23	199	200	1068			
23	273	200	1069			
23	203	350	1070			
23	205	300	1071			
23	204	300	1072			
23	69	550	1073			
23	206	300	1074			
23	5	1000	1075			
23	207	300	1076			
23	209	200	1077			
23	210	300	1078			
23	214	200	1079			
23	213	250	1080			
117	29	400	1081			
117	31	300	1082			
117	4	250	1083			
117	32	250	1084			
117	33	300	1085			
117	34	250	1086			
55	51	300	1087			
55	53	750	1088			
5	1	900	1089			
5	0	850	1090			
5	92	800	1091			
5	18	800	1092			
5	93	800	1093			
5	12	800	1094			
5	17	800	1095			
5	94	750	1096			
5	95	800	1097			
5	97	800	1098			
5	96	750	1099			
5	98	1000	1100			
5	51	700	1101			
5	25	1200	1102			
5	19	800	1103			
5	23	1000	1104			
5	101	750	1105			
5	103	900	1106			
5	102	900	1107			
5	104	800	1108			
5	105	900	1109			
5	106	750	1110			
5	21	900	1111			
15	267	200	1112			
15	293	500	1113			
15	13	300	1114			
15	63	450	1115			
210	23	300	1116			
210	24	300	1117			
210	25	300	1118			
210	26	200	1119			
210	27	200	1120			
157	109	650	1121			
157	3	300	1122			
157	155	200	1123			
157	181	200	1124			
157	288	200	1125			
138	286	200	1126			
138	200	300	1127			
138	24	750	1128			
138	153	300	1129			
138	57	400	1130			
138	175	200	1131			
138	287	250	1132			
138	137	300	1133			
294	152	250	1134			
294	295	900	1135			
294	296	250	1136			
297	14	300	1137			
297	152	200	1138			
297	177	300	1139			
297	178	300	1140			
255	4	250	1141			
255	32	250	1142			
255	34	250	1143			
84	298	350	1144			
84	195	300	1145			
84	76	850	1146			
84	243	350	1147			
84	242	450	1148			
84	8	600	1149			
84	264	450	1150			
84	283	450	1151			
84	126	1200	1152			
84	289	350	1153			
84	299	350	1154			
84	300	600	1155			
84	301	300	1156			
84	265	350	1157			
84	292	250	1158			
84	285	350	1159			
84	302	450	1160			
84	82	250	1161			
84	54	300	1162			
121	29	300	1163			
121	30	200	1164			
121	31	200	1165			
121	4	250	1166			
121	32	250	1167			
121	33	300	1168			
121	34	250	1169			
266	49	200	1170			
266	281	200	1171			
266	65	300	1172			
301	84	300	1173			
301	196	300	1174			
301	54	300	1175			
301	85	300	1176			
222	224	200	1177			
222	225	200	1178			
222	168	250	1179			
222	303	250	1180			
222	263	300	1181			
222	304	200	1182			
222	305	750	1183			
222	126	600	1184			
183	72	200	1185			
183	60	200	1186			
282	253	100	1187			
119	29	300	1188			
119	30	200	1189			
119	31	200	1190			
119	32	250	1191			
119	4	250	1192			
119	34	250	1193			
119	33	300	1194			
279	147	100	1195			
168	222	250	1196			
168	127	550	1197			
168	306	200	1198			
168	263	250	1199			
168	76	400	1200			
168	304	250	1201			
271	250	200	1202			
271	228	200	1203			
263	125	500	1204			
263	222	300	1205			
263	168	250	1206			
188	72	200	1207			
188	60	200	1208			
145	286	350	1209			
145	200	450	1210			
145	24	900	1211			
145	153	350	1212			
145	57	350	1213			
145	175	450	1214			
145	137	350	1215			
145	287	700	1216			
293	307	200	1217			
293	15	500	1218			
169	124	300	1219			
169	125	200	1220			
169	126	200	1221			
169	127	200	1222			
169	11	200	1223			
169	128	200	1224			
44	152	350	1225			
44	45	750	1226			
44	40	950	1227			
46	45	900	1228			
46	152	200	1229			
46	296	200	1230			
270	308	300	1231			
270	34	200	1232			
308	270	300	1233			
308	32	200	1234			
26	197	1100	1235			
26	24	400	1236			
26	192	300	1237			
26	191	200	1238			
26	110	200	1239			
26	18	600	1240			
26	198	200	1241			
26	113	200	1242			
26	22	200	1243			
26	78	650	1244			
26	36	300	1245			
26	199	500	1246			
26	200	850	1247			
26	99	300	1248			
26	201	200	1249			
26	25	400	1250			
26	203	650	1251			
26	204	300	1252			
26	205	200	1253			
26	124	750	1254			
26	23	400	1255			
26	206	200	1256			
26	207	300	1257			
26	208	200	1258			
26	209	300	1259			
26	210	200	1260			
26	211	200	1261			
26	212	300	1262			
26	88	400	1263			
26	213	250	1264			
26	214	300	1265			
179	14	250	1266			
179	152	250	1267			
179	259	250	1268			
179	177	250	1269			
179	178	250	1270			
179	176	200	1271			
306	168	200	1272			
306	303	300	1273			
32	116	250	1274			
32	308	200	1275			
32	253	200	1276			
32	197	850	1277			
32	255	250	1278			
32	28	250	1279			
32	118	250	1280			
32	254	250	1281			
32	120	250	1282			
32	122	350	1283			
32	121	250	1284			
32	69	400	1285			
32	117	250	1286			
32	252	250	1287			
32	251	250	1288			
32	119	250	1289			
32	70	250	1290			
32	4	200	1291			
32	258	250	1292			
32	6	600	1293			
32	147	200	1294			
32	227	200	1295			
32	256	250	1296			
32	257	200	1297			
32	228	200	1298			
76	224	650	1299			
76	74	200	1300			
76	75	200	1301			
76	130	400	1302			
76	225	550	1303			
76	197	200	1304			
76	223	600	1305			
76	84	850	1306			
76	232	300	1307			
76	168	400	1308			
76	233	300	1309			
76	234	300	1310			
76	85	750	1311			
76	73	300	1312			
76	236	300	1313			
76	237	300	1314			
76	87	300	1315			
76	257	450	1316			
76	238	300	1317			
120	29	300	1318			
120	30	200	1319			
120	31	200	1320			
120	32	250	1321			
120	4	250	1322			
120	34	250	1323			
120	33	300	1324			
122	29	200	1325			
122	30	200	1326			
122	31	200	1327			
122	32	350	1328			
122	33	200	1329			
299	84	350	1330			
299	196	250	1331			
299	54	250	1332			
299	85	250	1333			
68	69	200	1334			
68	67	200	1335			
68	57	200	1336			
68	88	750	1337			
101	5	750	1338			
101	1	250	1339			
101	18	250	1340			
101	25	750	1341			
101	19	350	1342			
101	20	350	1343			
101	21	250	1344			
249	247	450	1345			
249	196	700	1346			
249	62	250	1347			
206	23	300	1348			
206	24	300	1349			
206	25	400	1350			
206	26	200	1351			
206	27	300	1352			
218	108	250	1353			
218	78	250	1354			
218	79	200	1355			
244	8	100	1356			
106	1	250	1357			
106	5	750	1358			
106	18	250	1359			
106	19	350	1360			
106	20	200	1361			
106	21	350	1362			
248	247	1250	1363			
248	54	200	1364			
177	14	200	1365			
177	74	600	1366			
177	278	250	1367			
177	297	300	1368			
177	178	200	1369			
177	179	250	1370			
177	296	200	1371			
177	176	250	1372			
177	277	250	1373			
177	152	200	1374			
177	259	300	1375			
177	34	750	1376			
50	41	200	1377			
50	48	200	1378			
50	280	200	1379			
66	63	100	1380			
148	137	100	1381			
300	196	500	1382			
300	84	600	1383			
300	85	500	1384			
300	54	500	1385			
300	103	650	1386			
62	309	200	1387			
62	247	200	1388			
62	3	800	1389			
62	310	200	1390			
62	58	600	1391			
62	249	250	1392			
190	72	200	1393			
190	60	200	1394			
309	310	500	1395			
309	196	750	1396			
309	62	200	1397			
196	75	750	1398			
196	231	200	1399			
196	298	250	1400			
196	2	500	1401			
196	53	300	1402			
196	195	300	1403			
196	243	250	1404			
196	283	250	1405			
196	289	250	1406			
196	300	500	1407			
196	299	250	1408			
196	301	300	1409			
196	309	750	1410			
196	265	250	1411			
196	292	350	1412			
196	285	250	1413			
196	302	250	1414			
196	249	700	1415			
196	261	200	1416			
196	54	200	1417			
85	298	250	1418			
85	53	500	1419			
85	195	300	1420			
85	76	750	1421			
85	243	250	1422			
85	242	250	1423			
85	8	500	1424			
85	264	250	1425			
85	283	250	1426			
85	126	1100	1427			
85	289	250	1428			
85	299	250	1429			
85	300	500	1430			
85	301	300	1431			
85	265	250	1432			
85	285	250	1433			
85	292	250	1434			
85	302	250	1435			
85	82	250	1436			
85	54	200	1437			
103	5	900	1438			
103	1	200	1439			
103	18	200	1440			
103	19	300	1441			
103	300	650	1442			
103	20	200	1443			
103	21	200	1444			
212	23	300	1445			
212	24	300	1446			
212	25	200	1447			
212	26	300	1448			
212	27	200	1449			
178	14	200	1450			
178	74	600	1451			
178	177	200	1452			
178	278	250	1453			
178	297	300	1454			
178	223	200	1455			
178	179	250	1456			
178	4	750	1457			
178	275	200	1458			
178	277	250	1459			
178	176	250	1460			
178	128	1150	1461			
178	276	300	1462			
178	305	200	1463			
178	259	300	1464			
152	46	200	1465			
152	75	600	1466			
152	311	200	1467			
152	294	250	1468			
152	312	200	1469			
152	297	200	1470			
152	278	250	1471			
152	177	200	1472			
152	179	250	1473			
152	296	200	1474			
152	128	850	1475			
152	305	200	1476			
152	14	200	1477			
152	69	650	1478			
152	4	550	1479			
152	277	250	1480			
152	176	250	1481			
152	259	200	1482			
152	16	450	1483			
152	44	350	1484			
254	4	250	1485			
254	32	250	1486			
254	34	250	1487			
313	2	100	1488			
302	84	450	1489			
302	196	250	1490			
302	54	250	1491			
302	85	250	1492			
187	72	200	1493			
187	60	200	1494			
102	1	200	1495			
102	5	900	1496			
102	18	200	1497			
102	19	300	1498			
102	20	200	1499			
102	21	200	1500			
207	23	300	1501			
207	24	200	1502			
207	25	200	1503			
207	26	300	1504			
207	27	200	1505			
16	152	450	1506			
16	45	450	1507			
16	13	200	1508			
16	34	400	1509			
16	40	250	1510			
31	116	200	1511			
31	117	300	1512			
31	118	300	1513			
31	119	200	1514			
31	120	200	1515			
31	28	200	1516			
31	121	200	1517			
31	122	200	1518			
170	124	300	1519			
170	127	200	1520			
170	25	750	1521			
170	126	200	1522			
170	11	200	1523			
170	128	200	1524			
287	200	350	1525			
287	138	250	1526			
287	146	450	1527			
287	145	700	1528			
287	153	450	1529			
281	280	200	1530			
281	266	200	1531			
105	1	200	1532			
105	5	900	1533			
105	18	200	1534			
105	19	300	1535			
105	20	200	1536			
105	21	300	1537			
307	267	200	1538			
307	293	200	1539			
267	307	200	1540			
267	41	250	1541			
267	15	200	1542			
267	65	650	1543			
41	267	250	1544			
41	295	350	1545			
41	50	200	1546			
41	42	500	1547			
41	40	200	1548			
41	314	100	1549			
284	24	400	1550			
284	25	200	1551			
295	41	350	1552			
295	294	900	1553			
223	276	300	1554			
223	305	200	1555			
223	269	200	1556			
223	14	200	1557			
223	178	200	1558			
223	11	750	1559			
223	296	200	1560			
223	76	600	1561			
223	275	200	1562			
53	1	750	1563			
53	52	800	1564			
53	51	950	1565			
53	196	300	1566			
53	54	300	1567			
53	85	500	1568			
53	21	750	1569			
53	55	750	1570			
269	305	200	1571			
269	223	200	1572			
269	296	200	1573			
269	268	250	1574			
269	34	350	1575			
200	138	300	1576			
200	286	300	1577			
200	145	450	1578			
200	153	200	1579			
200	26	850	1580			
200	27	650	1581			
200	287	350	1582			
252	4	250	1583			
252	32	250	1584			
252	34	250	1585			
232	74	300	1586			
232	75	200	1587			
232	76	300	1588			
235	75	200	1589			
235	74	200	1590			
258	4	250	1591			
258	32	250	1592			
258	34	250	1593			
236	75	200	1594			
236	74	300	1595			
236	76	300	1596			
208	23	400	1597			
208	24	400	1598			
208	26	200	1599			
208	25	300	1600			
208	27	300	1601			
298	84	350	1602			
298	196	250	1603			
298	54	250	1604			
298	85	250	1605			
90	1	200	1606			
90	18	200	1607			
90	19	300	1608			
90	20	200	1609			
90	21	200	1610			
93	1	200	1611			
93	5	800	1612			
93	18	200	1613			
93	19	300	1614			
93	20	200	1615			
93	21	200	1616			
216	108	300	1617			
216	109	300	1618			
216	203	700	1619			
216	78	400	1620			
216	79	350	1621			
296	152	200	1622			
296	269	200	1623			
296	305	200	1624			
296	46	200	1625			
296	311	200	1626			
296	294	250	1627			
296	312	200	1628			
296	177	200	1629			
296	223	200	1630			
262	189	100	1631			
305	152	200	1632			
305	269	200	1633			
305	222	750	1634			
305	178	200	1635			
305	223	200	1636			
305	296	200	1637			
61	59	200	1638			
61	3	200	1639			
61	58	200	1640			
288	155	300	1641			
288	157	200	1642			
149	69	200	1643			
149	57	200	1644			
149	137	200	1645			
234	74	300	1646			
234	75	200	1647			
234	76	300	1648			
72	183	200	1649			
72	185	200	1650			
72	186	200	1651			
72	60	300	1652			
72	3	550	1653			
72	71	100	1654			
72	127	800	1655			
72	187	200	1656			
72	188	200	1657			
72	128	500	1658			
72	189	200	1659			
72	11	500	1660			
72	190	200	1661			
274	19	100	1662			
6	0	200	1663			
6	8	200	1664			
6	18	250	1665			
6	54	500	1666			
6	10	400	1667			
6	32	600	1668			
6	21	550	1669			
209	23	200	1670			
209	24	200	1671			
209	25	200	1672			
209	26	300	1673			
209	27	300	1674			
54	74	650	1675			
54	231	200	1676			
54	298	250	1677			
54	248	200	1678			
54	53	300	1679			
54	195	300	1680			
54	242	250	1681			
54	243	250	1682			
54	264	250	1683			
54	51	850	1684			
54	283	250	1685			
54	84	300	1686			
54	289	250	1687			
54	300	500	1688			
54	299	250	1689			
54	301	300	1690			
54	265	250	1691			
54	285	250	1692			
54	292	250	1693			
54	196	200	1694			
54	302	250	1695			
54	85	200	1696			
54	261	200	1697			
54	83	200	1698			
54	6	500	1699			
54	10	300	1700			
171	124	200	1701			
171	126	300	1702			
171	127	200	1703			
171	11	200	1704			
171	128	200	1705			
173	124	300	1706			
173	127	200	1707			
173	126	200	1708			
173	11	200	1709			
173	128	200	1710			
214	23	200	1711			
214	24	200	1712			
214	25	200	1713			
214	26	300	1714			
214	27	200	1715			
311	152	200	1716			
311	296	200	1717			
2	0	200	1718			
2	8	200	1719			
2	25	750	1720			
2	196	500	1721			
2	313	100	1722			
2	10	400	1723			
2	21	250	1724			
312	152	200	1725			
312	296	200	1726			
185	72	200	1727			
185	60	200	1728			
154	133	1300	1729			
154	3	200	1730			
310	309	500	1731			
310	62	200	1732			
217	108	200	1733			
217	109	200	1734			
217	78	300	1735			
217	79	250	1736			
162	124	300	1737			
162	126	200	1738			
162	127	200	1739			
162	11	200	1740			
162	128	200	1741			
144	69	200	1742			
144	57	200	1743			
144	137	200	1744			
133	38	200	1745			
133	154	1300	1746			
133	39	200	1747			
115	250	200	1748			
115	113	1550	1749			
115	4	300	1750			
286	200	300	1751			
286	138	200	1752			
286	145	350	1753			
286	153	400	1754			
186	72	200	1755			
186	60	200	1756			
251	4	250	1757			
251	32	250	1758			
251	34	250	1759			
156	3	650	1760			
156	260	400	1761			
261	260	200	1762			
261	196	200	1763			
261	54	200	1764			
143	69	200	1765			
143	57	200	1766			
143	137	200	1767			
241	64	600	1768			
241	193	200	1769			
211	23	300	1770			
211	24	300	1771			
211	25	300	1772			
211	26	200	1773			
211	27	200	1774			
172	124	200	1775			
172	125	200	1776			
172	126	200	1777			
172	127	200	1778			
172	11	200	1779			
172	128	200	1780			
116	29	300	1781			
116	30	200	1782			
116	31	200	1783			
116	32	250	1784			
116	4	250	1785			
116	34	250	1786			
116	33	300	1787			
272	75	100	1788			
81	108	200	1789			
81	109	200	1790			
81	80	100	1791			
81	78	400	1792			
81	79	250	1793			
92	1	200	1794			
92	5	800	1795			
92	18	200	1796			
92	19	300	1797			
92	20	200	1798			
92	21	200	1799			
24	284	400	1800			
24	138	750	1801			
24	192	300	1802			
24	191	300	1803			
24	22	300	1804			
24	27	200	1805			
24	36	200	1806			
24	221	200	1807			
24	201	300	1808			
24	99	200	1809			
24	25	200	1810			
24	145	900	1811			
24	208	400	1812			
24	211	300	1813			
24	212	300	1814			
24	88	300	1815			
24	74	900	1816			
24	110	300	1817			
24	198	300	1818			
24	26	400	1819			
24	113	300	1820			
24	114	200	1821			
24	199	200	1822			
24	109	550	1823			
24	219	950	1824			
24	19	400	1825			
24	203	350	1826			
24	205	300	1827			
24	204	200	1828			
24	23	200	1829			
24	206	300	1830			
24	207	200	1831			
24	209	200	1832			
24	210	300	1833			
24	57	550	1834			
24	214	200	1835			
24	213	250	1836			
215	108	200	1837			
215	109	200	1838			
215	219	200	1839			
215	78	400	1840			
215	79	350	1841			
198	23	300	1842			
198	24	300	1843			
198	25	300	1844			
198	26	200	1845			
198	27	200	1846			
94	1	250	1847			
94	5	750	1848			
94	18	250	1849			
94	19	350	1850			
94	20	200	1851			
94	21	350	1852			
114	24	200	1853			
114	25	200	1854			
114	113	500	1855			
304	222	200	1856			
304	168	250	1857			
52	51	250	1858			
52	53	800	1859			
136	38	200	1860			
136	39	200	1861			
150	69	200	1862			
150	57	200	1863			
150	137	200	1864			
151	69	200	1865			
151	57	200	1866			
151	137	200	1867			
229	181	100	1868			
14	177	200	1869			
14	278	250	1870			
14	297	300	1871			
14	13	450	1872			
14	178	200	1873			
14	223	200	1874			
14	127	850	1875			
14	179	250	1876			
14	277	250	1877			
14	268	250	1878			
14	176	350	1879			
14	152	200	1880			
14	259	300	1881			
14	57	650	1882			
124	26	750	1883			
124	158	200	1884			
124	27	550	1885			
124	128	200	1886			
124	162	300	1887			
124	123	200	1888			
124	125	200	1889			
124	129	200	1890			
124	164	200	1891			
124	89	200	1892			
124	126	200	1893			
124	165	300	1894			
124	166	300	1895			
124	167	200	1896			
124	127	200	1897			
124	169	300	1898			
124	172	200	1899			
124	171	200	1900			
124	170	300	1901			
124	173	300	1902			
124	174	200	1903			
184	60	100	1904			
233	74	300	1905			
233	75	200	1906			
233	76	300	1907			
303	222	250	1908			
303	306	300	1909			
141	69	200	1910			
141	57	200	1911			
141	137	200	1912			
314	41	100	1913			
290	108	100	1914			
246	109	100	1915			
7	0	400	1916			
7	10	200	1917			
146	69	200	1918			
146	57	200	1919			
146	137	200	1920			
146	287	450	1921			
291	108	100	1922			
104	5	800	1923			
104	1	200	1924			
104	18	200	1925			
104	19	200	1926			
104	20	200	1927			
104	21	200	1928			
10	0	400	1929			
10	2	400	1930			
10	6	400	1931			
10	7	200	1932			
10	54	300	1933			
213	23	250	1934			
213	24	250	1935			
213	25	250	1936			
213	26	250	1937			
213	27	350	1938			
174	124	200	1939			
174	125	200	1940			
174	126	200	1941			
174	127	200	1942			
174	11	200	1943			
174	128	200	1944			