0 1 0.00% 2.605832
1 1 50.00% 0.124805
1 2 33.33% 0.260283
2 2 50.00% 0.944541
3 2 60.00% 0.464314
3 3 50.00% 0.638342
3 4 42.86% 1.095202
4 4 50.00% 1.016274
4 5 44.44% 0.343475
4 6 40.00% 0.100658
5 6 45.45% 0.929777
5 7 41.67% 0.983607
6 7 46.15% 1.506103
6 8 42.86% 0.251248
7 8 46.67% 1.459376
7 9 43.75% 0.340302
8 9 47.06% 0.486635
9 9 50.00% 0.449370
10 9 52.63% 0.883414
10 10 50.00% 0.117387
11 10 52.38% 0.453043
11 11 50.00% 0.206147
11 12 47.83% 0.315081
12 12 50.00% 0.687714
13 12 52.00% 0.624134
13 13 50.00% 0.542532
13 14 48.15% 0.516231
13 15 46.43% 0.208987
13 16 44.83% 0.114646
13 17 43.33% 0.383326
13 18 41.94% 0.417145
13 19 40.62% 0.107956
13 20 39.39% 0.246138
14 20 41.18% 0.329696
14 21 40.00% 0.498516
14 22 38.89% 0.100322
14 23 37.84% 0.104010
15 23 39.47% 0.175103
16 23 41.03% 0.186423
17 23 42.50% 0.337262
18 23 43.90% 0.158993
19 23 45.24% 0.549330
19 24 44.19% 0.254995
20 24 45.45% 0.403268
20 25 44.44% 0.310733
21 25 45.65% 0.259779
22 25 46.81% 0.218253
23 25 47.92% 0.439206
24 25 48.98% 0.163638
24 26 48.00% 0.331200
25 26 49.02% 0.302042
25 27 48.08% 0.036561
25 28 47.17% 0.132303
25 29 46.30% 0.070494
25 30 45.45% 0.157655
25 31 44.64% 0.110946
25 32 43.86% 0.093378
26 32 44.83% 0.135783
27 32 45.76% 0.120243
28 32 46.67% 0.065298
