1
5 0 46 138170 4 8 4 12 2 
1
2 1 31 1512 4 5 9 12 1 
1
1 2 13 74788 4 6 11 9 2 
0
1
6 4 43 44724 4 5 8 1 9 
1
7 5 23 9372 4 10 3 6 11 
1
12 6 19 32209 4 9 3 2 8 
1
1 7 25 29374 4 10 5 3 7 
1
4 8 51 26914 4 7 9 3 1 
1
1 9 25 113639 4 5 7 3 2 
2
7 10 13 12768 4 9 10 5 2 
7 10 29 15386 4 11 9 1 3 
1
11 11 29 30137 4 3 5 8 4 
1
2 12 43 28595 4 9 12 1 3 
1
12 13 17 2736 4 6 4 5 2 
0
1
12 15 40 42744 4 10 11 4 5 
1
9 16 27 40753 4 12 7 11 3 
2
5 17 31 2703 4 9 6 12 7 
8 17 25 1339 4 6 2 5 10 
0
2
7 19 37 10066 4 8 6 11 5 
4 19 25 8838 4 8 5 1 12 
0
1
10 21 31 105 4 3 2 5 12 
1
2 22 34 68182 4 11 12 10 6 
2
3 23 28 6111 4 11 7 1 6 
4 23 55 673 4 10 1 11 9 
1
7 24 36 8491 4 6 8 3 4 
1
1 25 41 26173 4 6 12 9 11 
1
12 26 56 131905 4 5 3 7 2 
0
2
1 28 31 2279 4 5 2 3 12 
2 28 34 10895 4 12 7 5 11 
1
5 29 36 5264 4 10 11 3 8 
0
1
4 31 37 13300 4 9 2 10 7 
2
12 32 38 39814 4 9 8 2 1 
9 32 36 1527 4 5 7 1 4 
1
3 33 40 7476 4 5 2 6 7 
0
1
6 35 47 44787 4 4 11 7 8 
1
8 36 40 10358 4 10 7 3 2 
1
6 37 38 980 4 11 1 4 8 
2
10 38 46 1213 4 9 1 12 11 
2 38 40 3012 4 1 5 6 11 
1
5 39 50 10270 4 8 4 12 6 
1
3 40 47 987 4 8 2 7 12 
1
3 41 50 16917 4 12 8 7 4 
0
2
10 43 47 12082 4 2 12 9 11 
3 43 53 6042 4 1 4 8 2 
1
4 44 52 25704 4 8 3 1 10 
0
0
1
6 47 58 4994 4 5 3 2 1 
2
6 48 55 4424 4 10 5 2 7 
7 48 57 14309 4 11 2 3 6 
0
3
11 50 56 369 4 8 3 5 2 
11 50 56 17880 4 6 10 8 9 
6 50 57 5973 4 12 1 9 10 
0
1
9 52 53 6236 4 10 5 6 3 
2
8 53 54 3513 4 5 11 4 7 
12 53 55 11925 4 9 10 1 3 
1
8 54 57 18845 4 9 6 7 1 
0
0
2
2 57 58 7574 4 12 8 11 3 
9 57 59 14028 4 1 11 6 2 
2
5 58 59 3563 4 1 7 4 12 
4 58 59 280 4 6 3 9 10 
1
5 59 59 55 4 2 10 12 11 
