0
1
6 1 9 17239 9 1 8 10 2 12 5 4 3 11 
2
11 2 3 6363 9 12 7 10 9 8 3 6 5 1 
10 2 9 4550 9 11 4 9 6 3 5 2 1 12 
1
10 3 8 11045 9 4 6 12 7 5 11 2 1 9 
0
2
10 5 13 301 9 12 7 9 1 8 5 2 3 11 
11 5 16 25212 9 7 10 2 1 5 9 4 3 8 
0
1
5 7 10 2601 9 10 2 8 3 7 1 4 6 11 
2
10 8 10 2193 9 11 2 6 8 3 12 5 4 1 
4 8 10 5071 9 10 8 5 3 2 12 11 7 1 
1
7 9 16 11863 9 6 9 10 4 2 3 5 8 1 
1
2 10 16 12134 9 3 9 5 7 4 8 10 1 6 
0
2
12 12 14 21070 9 5 2 6 9 8 10 4 11 7 
7 12 13 133 9 11 6 1 10 9 5 2 8 4 
0
2
2 14 19 4273 9 7 3 9 8 1 4 10 11 6 
2 14 17 17032 9 1 8 7 11 4 5 12 3 10 
1
12 15 19 2776 9 6 10 8 9 7 1 3 4 11 
1
1 16 18 4525 9 8 9 6 5 2 12 11 10 7 
1
9 17 19 6117 9 7 12 8 10 1 6 2 3 11 
0
1
4 19 19 291 9 8 1 12 5 7 9 3 10 6 
