1 0 100.00% 1.037865
2 0 100.00% 0.885995
3 0 100.00% 0.710516
4 0 100.00% 0.780945
5 0 100.00% 0.614263
6 0 100.00% 0.612263
7 0 100.00% 0.616441
8 0 100.00% 0.695970
9 0 100.00% 0.592036
10 0 100.00% 2.738345
11 0 100.00% 0.915246
12 0 100.00% 1.118152
13 0 100.00% 0.825142
14 0 100.00% 0.785855
15 0 100.00% 0.587374
16 0 100.00% 0.723331
17 0 100.00% 2.162698
18 0 100.00% 1.963067
19 0 100.00% 1.485811
20 0 100.00% 0.893438
21 0 100.00% 2.467256
22 0 100.00% 2.215850
23 0 100.00% 0.964070
24 0 100.00% 1.538993
25 0 100.00% 1.063263
26 0 100.00% 1.384578
27 0 100.00% 1.534890
28 0 100.00% 0.846105
29 0 100.00% 0.870446
30 0 100.00% 0.761850
31 0 100.00% 0.998064
32 0 100.00% 0.677170
33 0 100.00% 0.744546
34 0 100.00% 1.403554
35 0 100.00% 1.132449
36 0 100.00% 1.293725
37 0 100.00% 1.577317
38 0 100.00% 1.029477
39 0 100.00% 0.740849
40 0 100.00% 0.895931
41 0 100.00% 0.933506
42 0 100.00% 1.073288
43 0 100.00% 0.745038
44 0 100.00% 0.785203
45 0 100.00% 0.775835
46 0 100.00% 0.793681
47 0 100.00% 0.708138
48 0 100.00% 0.740791
49 0 100.00% 0.718242
50 0 100.00% 0.659043
51 0 100.00% 0.620661
52 0 100.00% 0.696935
53 0 100.00% 0.944124
54 0 100.00% 0.860126
55 0 100.00% 0.667934
56 0 100.00% 1.110319
57 0 100.00% 0.666139
58 0 100.00% 0.337808
59 0 100.00% 0.387186
