1 0 100.00% 192.882422
2 0 100.00% 161.015461
3 0 100.00% 65.891549
4 0 100.00% 74.160329
5 0 100.00% 177.483029
6 0 100.00% 70.497199
7 0 100.00% 36.308763
8 0 100.00% 556.259004
9 0 100.00% 50.280677
9 1 90.00% 375.357126
10 1 90.91% 364.700569
11 1 91.67% 65.388911
12 1 92.31% 25.154084
13 1 92.86% 125.769993
14 1 93.33% 52.621599
15 1 93.75% 106.012043
16 1 94.12% 335.720462
17 1 94.44% 421.168393
17 2 89.47% 241.895569
18 2 90.00% 43.914822
18 3 85.71% 404.248563
18 4 81.82% 201.094888
19 4 82.61% 149.872983
20 4 83.33% 247.797596
21 4 84.00% 50.995556
22 4 84.62% 224.305902
23 4 85.19% 443.023138
24 4 85.71% 67.685363
25 4 86.21% 289.627227
26 4 86.67% 38.034365
27 4 87.10% 95.404123
27 5 84.38% 173.049468
27 6 81.82% 38.353317
27 7 79.41% 298.404691
27 8 77.14% 124.616983
28 8 77.78% 157.134195
29 8 78.38% 181.512756
30 8 78.95% 145.449146
31 8 79.49% 93.658470
32 8 80.00% 41.636194
33 8 80.49% 111.573199
33 9 78.57% 201.210272
34 9 79.07% 78.547871
34 10 77.27% 103.663904
34 11 75.56% 193.831989
34 12 73.91% 75.149169
34 13 72.34% 62.193973
35 13 72.92% 124.170378
35 14 71.43% 30.731976
36 14 72.00% 41.784796
37 14 72.55% 42.814776
38 14 73.08% 54.499432
39 14 73.58% 65.846695
39 15 72.22% 26.235708
40 15 72.73% 92.406242
40 16 71.43% 56.551051
41 16 71.93% 26.994638
42 16 72.41% 13.830203
43 16 72.88% 13.817161
