1
11 0 13 3908590 7 8 15 19 17 16 5 4 
1
12 1 12 818042 7 11 20 6 19 13 2 17 
1
20 2 6 432026 7 7 17 3 2 16 5 15 
1
20 3 7 1184306 7 8 15 13 9 19 10 5 
1
7 4 17 545735 7 5 17 16 4 3 20 6 
0
2
18 6 10 57461 7 8 13 3 6 10 4 15 
10 6 8 228970 7 19 1 9 12 17 4 18 
1
12 7 49 562745 7 10 19 1 2 3 15 13 
0
2
9 9 12 659249 7 12 18 1 16 4 8 2 
6 9 38 12775377 7 19 7 12 15 2 20 4 
1
2 10 38 1531832 7 15 10 17 6 7 11 4 
1
4 11 15 427417 7 13 15 7 16 12 8 17 
1
1 12 13 569975 7 12 19 13 6 7 16 10 
1
7 13 22 528156 7 18 4 17 9 19 16 5 
0
2
8 15 18 194257 7 20 18 19 13 10 6 2 
3 15 23 943688 7 16 11 19 6 8 12 9 
1
9 16 42 10585282 7 2 1 13 4 20 11 10 
1
8 17 45 5102033 7 16 15 6 1 19 20 17 
0
2
2 19 35 3728956 7 16 6 18 14 3 17 20 
11 19 21 1609661 7 9 17 2 4 13 20 5 
1
5 20 48 11443371 7 15 4 2 6 1 20 13 
1
4 21 34 6818625 7 18 19 6 11 3 14 8 
0
1
7 23 31 471539 7 19 3 13 14 2 9 5 
2
19 24 41 4173748 7 7 20 18 3 11 12 9 
17 24 27 1404178 7 5 6 2 14 3 8 10 
1
15 25 42 4083463 7 7 2 9 17 18 11 1 
1
19 26 58 3903850 7 4 17 12 7 15 14 13 
0
2
17 28 30 379210 7 20 16 15 12 11 18 10 
16 28 48 1182894 7 10 13 17 2 7 4 15 
1
19 29 31 504585 7 11 18 8 9 6 4 12 
1
12 30 36 3626866 7 11 17 16 18 2 10 3 
0
2
12 32 44 138903 7 4 16 13 1 10 20 9 
19 32 34 220185 7 14 3 18 13 12 1 5 
0
1
13 34 56 4857215 7 19 4 18 16 6 7 1 
1
12 35 43 3878880 7 6 20 10 1 2 7 16 
2
13 36 47 3437271 7 19 15 3 11 1 10 18 
17 36 46 4047855 7 15 4 13 7 18 20 8 
0
2
19 38 48 781154 7 4 2 17 11 3 18 9 
7 38 44 205023 7 12 15 8 2 16 9 14 
1
19 39 41 393798 7 17 20 16 12 9 13 1 
0
2
15 41 48 1725664 7 3 11 12 9 18 7 1 
4 41 55 3372063 7 2 9 14 8 6 20 17 
1
4 42 47 124187 7 17 14 11 1 2 15 9 
0
0
2
20 45 52 619062 7 12 6 14 7 16 19 18 
7 45 59 726139 7 20 13 3 8 19 5 17 
1
10 46 51 326739 7 18 1 4 9 6 14 15 
2
10 47 51 469185 7 19 5 17 3 7 2 16 
11 47 56 808923 7 4 19 13 14 6 10 12 
1
3 48 49 83688 7 19 5 9 16 2 14 13 
1
10 49 51 229055 7 9 2 11 8 4 15 16 
1
6 50 52 48987 7 1 19 3 9 12 5 10 
0
1
8 52 55 839316 7 3 18 10 4 2 11 20 
1
19 53 57 1948739 7 7 4 8 6 16 9 1 
1
8 54 55 276302 7 20 9 11 17 5 15 16 
2
19 55 57 837428 7 9 6 20 7 14 11 1 
10 55 58 3950222 7 4 19 8 14 18 2 20 
0
0
1
4 58 59 30398 7 18 7 14 1 15 3 8 
2
15 59 59 399008 7 4 16 3 14 13 12 6 
8 59 59 90539 7 18 16 4 11 20 6 12 
