1
6 0 2 580 7 8 12 11 7 9 10 1 
1
12 1 29 54554 7 4 9 2 6 7 8 3 
1
4 2 8 15788 7 7 5 1 8 9 2 12 
0
2
10 4 43 110672 7 6 5 7 4 8 1 11 
7 4 10 1361 7 2 8 10 3 12 6 4 
0
2
6 6 8 3035 7 5 9 1 2 4 8 11 
2 6 10 11520 7 7 6 8 4 10 3 11 
1
8 7 46 296472 7 6 2 12 7 1 3 5 
0
1
3 9 55 84731 7 4 10 9 8 5 6 7 
1
3 10 53 4932 7 11 9 1 5 8 2 6 
0
1
4 12 35 18103 7 10 11 7 6 2 12 9 
2
7 13 27 8971 7 1 9 3 2 8 12 10 
3 13 39 718 7 12 11 1 2 9 10 5 
2
4 14 31 90567 7 7 2 12 1 3 8 10 
7 14 32 13336 7 6 11 1 9 10 5 3 
0
2
9 16 22 3406 7 7 4 2 5 11 6 12 
3 16 51 64040 7 8 12 11 7 2 6 10 
1
4 17 25 14918 7 10 3 8 9 6 12 11 
1
10 18 40 8199 7 6 4 12 11 5 8 7 
0
0
1
5 21 24 14486 7 10 12 11 4 3 7 1 
1
2 22 26 1845 7 9 6 8 7 4 1 12 
2
6 23 56 47902 7 5 8 3 11 9 2 1 
4 23 42 4230 7 5 2 9 12 3 6 10 
1
5 24 32 7262 7 4 1 3 6 9 11 12 
1
3 25 26 1432 7 7 2 9 6 11 4 12 
1
8 26 30 16317 7 5 3 7 10 4 2 6 
1
12 27 35 36803 7 8 5 3 11 6 2 7 
2
4 28 39 20578 7 2 9 5 11 8 12 7 
9 28 29 4353 7 10 11 3 4 8 5 6 
1
1 29 36 13953 7 11 4 3 6 5 8 10 
1
7 30 40 20245 7 5 6 8 4 3 11 12 
0
1
3 32 36 2515 7 10 2 12 9 4 6 11 
2
4 33 44 1941 7 2 8 6 9 3 7 12 
2 33 41 5696 7 4 1 8 11 7 6 5 
0
2
3 35 48 111890 7 2 7 4 6 11 8 12 
12 35 49 445 7 3 8 9 5 4 6 7 
1
10 36 37 3996 7 6 3 7 5 12 1 11 
1
1 37 56 75924 7 7 10 9 2 5 6 12 
0
0
2
4 40 52 1680 7 3 1 7 11 10 5 6 
5 40 41 14670 7 2 10 1 4 3 9 12 
1
8 41 45 16468 7 3 10 1 7 4 2 11 
1
5 42 49 626 7 12 7 3 10 8 9 6 
1
6 43 59 39482 7 9 10 12 3 2 7 11 
1
1 44 46 979 7 10 6 7 11 2 12 9 
1
5 45 55 31865 7 10 3 4 1 6 2 12 
1
8 46 50 4895 7 1 10 9 5 11 2 12 
2
5 47 56 12821 7 11 6 7 8 10 3 2 
6 47 55 9865 7 11 1 10 3 5 4 9 
0
1
6 49 59 15715 7 8 5 1 10 2 9 3 
1
7 50 53 25740 7 4 3 12 11 9 8 6 
1
2 51 58 11512 7 5 12 8 1 6 3 10 
1
5 52 53 4494 7 9 6 3 4 7 2 12 
1
2 53 55 391 7 5 7 10 11 3 1 9 
2
12 54 57 8001 7 2 4 11 6 10 8 5 
12 54 59 14470 7 10 7 6 2 8 4 9 
0
1
4 56 58 2341 7 7 8 10 2 11 3 12 
2
3 57 59 12826 7 5 7 1 9 10 6 2 
11 57 59 23235 7 8 4 7 10 3 5 12 
0
1
6 59 59 5767 7 9 4 5 8 7 12 1 
