0
1
32 1 7 3115260 3 7 8 5 
2
26 2 3 274661 3 39 38 20 
13 2 9 2340224 3 36 8 21 
1
6 3 19 3342868 3 20 3 21 
1
5 4 5 239507 3 14 1 18 
1
28 5 6 225020 3 17 1 20 
1
15 6 8 426240 3 18 26 7 
1
24 7 18 3451747 3 36 12 15 
1
31 8 15 5153912 3 38 24 18 
1
25 9 16 114678 3 17 11 23 
1
30 10 12 6939 3 34 28 18 
0
1
18 12 13 87212 3 24 31 30 
2
1 13 17 1540462 3 2 38 23 
7 13 14 737807 3 2 28 20 
0
0
3
36 16 17 459497 3 4 25 3 
20 16 19 185362 3 8 12 30 
26 16 18 672042 3 39 31 25 
1
21 17 18 73316 3 8 10 37 
0
2
3 19 19 56761 3 2 7 5 
15 19 19 219121 3 39 10 26 
