1
12 0 32 27512 4 2 7 6 4 
1
8 1 28 19765 4 7 12 4 9 
1
4 2 5 537 4 11 1 3 5 
1
5 3 17 15054 4 2 6 11 3 
0
2
4 5 26 382 4 1 10 9 5 
12 5 14 47135 4 5 6 10 1 
0
1
7 7 13 3203 4 2 1 11 4 
2
8 8 35 117 4 6 12 10 5 
9 8 16 8910 4 6 5 10 11 
1
4 9 22 40399 4 9 5 8 10 
1
7 10 43 50564 4 6 4 1 12 
1
11 11 14 9553 4 8 3 1 12 
1
10 12 26 15166 4 11 7 6 8 
0
2
6 14 17 840 4 3 5 10 9 
12 14 57 125897 4 7 4 10 2 
1
3 15 24 46161 4 12 8 7 11 
1
6 16 42 59580 4 8 9 5 2 
1
2 17 30 7197 4 1 7 8 3 
1
10 18 20 1861 4 12 7 4 8 
1
7 19 33 6292 4 11 12 8 4 
0
1
6 21 28 2772 4 9 8 2 4 
1
12 22 25 6206 4 6 10 11 1 
0
2
12 24 47 8188 4 4 11 6 10 
7 24 38 9163 4 4 10 8 5 
1
3 25 56 18956 4 2 6 5 7 
1
7 26 59 5392 4 9 2 3 8 
2
5 27 34 8359 4 6 12 2 7 
9 27 58 52787 4 6 5 11 1 
1
5 28 33 22413 4 7 12 8 9 
1
5 29 44 56910 4 2 10 3 9 
0
0
3
4 32 51 27522 4 9 2 1 11 
7 32 37 19176 4 1 6 4 12 
3 32 36 86460 4 12 8 7 1 
1
10 33 38 8887 4 1 2 12 6 
1
2 34 41 20013 4 3 9 11 8 
1
3 35 38 10352 4 4 9 1 10 
1
12 36 54 13281 4 1 6 8 4 
1
3 37 39 176 4 5 7 6 1 
1
9 38 47 24223 4 2 8 12 11 
0
0
3
8 41 43 143 4 4 12 3 2 
5 41 50 12272 4 1 8 9 12 
8 41 54 10417 4 4 5 9 6 
1
5 42 58 19092 4 3 7 12 2 
1
3 43 45 5413 4 7 5 11 12 
1
9 44 58 21343 4 4 10 5 6 
1
11 45 52 22712 4 1 2 12 8 
1
2 46 49 3275 4 8 9 11 4 
1
8 47 50 11191 4 10 4 1 7 
0
1
2 49 52 10941 4 6 9 12 5 
2
5 50 51 694 4 4 1 2 7 
2 50 51 288 4 6 5 4 11 
1
1 51 58 7562 4 8 3 5 6 
1
12 52 57 1671 4 2 4 5 1 
1
2 53 56 19105 4 12 1 5 4 
0
2
9 55 58 1551 4 2 11 4 7 
10 55 59 10557 4 3 8 11 2 
1
1 56 59 14789 4 6 4 5 8 
1
2 57 59 4713 4 1 7 9 3 
1
3 58 59 2652 4 1 12 8 11 
1
6 59 59 1945 4 4 1 11 9 
