1 0 100.00% 7.920724
2 0 100.00% 15.023399
3 0 100.00% 2.604132
4 0 100.00% 9.597493
5 0 100.00% 5.398218
5 1 83.33% 2.393885
6 1 85.71% 4.194702
6 2 75.00% 1.782379
7 2 77.78% 6.294456
7 3 70.00% 11.307624
7 4 63.64% 1.813413
7 5 58.33% 1.842569
7 6 53.85% 21.417568
8 6 57.14% 3.554912
9 6 60.00% 1.824914
9 7 56.25% 12.299265
9 8 52.94% 13.102121
9 9 50.00% 1.744776
9 10 47.37% 6.210737
10 10 50.00% 4.355609
11 10 52.38% 1.737578
11 11 50.00% 4.490934
12 11 52.17% 3.699384
12 12 50.00% 5.045184
12 13 48.00% 7.084600
13 13 50.00% 4.436790
14 13 51.85% 5.325735
14 14 50.00% 5.167489
15 14 51.72% 1.777344
16 14 53.33% 2.612015
16 15 51.61% 4.450323
16 16 50.00% 8.048368
16 17 48.48% 3.473597
17 17 50.00% 4.413979
18 17 51.43% 3.463295
18 18 50.00% 4.301370
19 18 51.35% 17.657317
19 19 50.00% 1.694221
19 20 48.72% 1.918347
19 21 47.50% 8.835694
20 21 48.78% 7.781344
20 22 47.62% 8.869670
21 22 48.84% 12.447144
22 22 50.00% 7.139537
23 22 51.11% 2.668759
23 23 50.00% 8.862090
23 24 48.94% 12.727820
23 25 47.92% 2.651838
23 26 46.94% 7.856013
23 27 46.00% 2.815144
23 28 45.10% 5.475514
23 29 44.23% 1.749571
24 29 45.28% 7.245736
24 30 44.44% 1.912762
25 30 45.45% 3.539162
25 31 44.64% 2.594771
25 32 43.86% 2.253955
25 33 43.10% 1.809307
25 34 42.37% 1.770504
25 35 41.67% 0.889519
