1 0 100.00% 0.216265
2 0 100.00% 0.269632
3 0 100.00% 0.119154
4 0 100.00% 0.188384
5 0 100.00% 0.217367
6 0 100.00% 0.133558
7 0 100.00% 0.189785
7 1 87.50% 0.090803
8 1 88.89% 0.314455
8 2 80.00% 0.624979
8 3 72.73% 0.044837
9 3 75.00% 0.220125
10 3 76.92% 1.184702
11 3 78.57% 0.227941
11 4 73.33% 0.138455
11 5 68.75% 0.674462
11 6 64.71% 0.296678
11 7 61.11% 0.117087
11 8 57.89% 0.226576
11 9 55.00% 0.241179
11 10 52.38% 0.122573
11 11 50.00% 0.227246
11 12 47.83% 0.238295
11 13 45.83% 0.086115
11 14 44.00% 0.266626
11 15 42.31% 0.092673
12 15 44.44% 0.207137
12 16 42.86% 0.163671
12 17 41.38% 0.081899
13 17 43.33% 0.158619
13 18 41.94% 0.093039
14 18 43.75% 0.512165
14 19 42.42% 0.194597
15 19 44.12% 0.115703
15 20 42.86% 0.301586
16 20 44.44% 0.376593
17 20 45.95% 0.252178
17 21 44.74% 0.036035
17 22 43.59% 0.036224
17 23 42.50% 0.287646
18 23 43.90% 0.125208
18 24 42.86% 0.354415
19 24 44.19% 0.448836
20 24 45.45% 0.514405
21 24 46.67% 0.237575
22 24 47.83% 0.502168
23 24 48.94% 0.195455
23 25 47.92% 0.132790
24 25 48.98% 0.269942
24 26 48.00% 0.113566
24 27 47.06% 0.112547
25 27 48.08% 0.148006
26 27 49.06% 0.177312
27 27 50.00% 0.145318
28 27 50.91% 0.130690
28 28 50.00% 0.059141
28 29 49.12% 0.079141
29 29 50.00% 0.170794
30 29 50.85% 0.128218
31 29 51.67% 0.075776
