1 0 100.00% 26.449716
2 0 100.00% 52.293822
3 0 100.00% 8.753919
4 0 100.00% 32.641601
4 1 80.00% 17.302009
5 1 83.33% 5.798817
6 1 85.71% 11.903595
6 2 75.00% 6.175516
7 2 77.78% 20.406630
7 3 70.00% 41.160337
7 4 63.64% 5.908098
7 5 58.33% 5.759430
8 5 61.54% 86.879296
8 6 57.14% 11.591772
9 6 60.00% 5.924391
9 7 56.25% 42.192134
9 8 52.94% 42.176420
9 9 50.00% 5.877576
9 10 47.37% 17.573896
9 11 45.00% 14.656413
9 12 42.86% 5.970405
9 13 40.91% 14.461061
9 14 39.13% 11.544663
9 15 37.50% 14.404639
9 16 36.00% 23.782250
9 17 34.62% 14.532655
9 18 33.33% 17.291074
9 19 32.14% 14.956729
9 20 31.03% 5.865972
10 20 33.33% 8.635087
10 21 32.26% 14.360745
11 21 34.38% 28.669246
11 22 33.33% 11.644066
12 22 35.29% 14.450973
13 22 37.14% 11.472963
14 22 38.89% 14.548152
15 22 40.54% 66.706501
15 23 39.47% 5.888944
15 24 38.46% 5.707726
15 25 37.50% 32.220257
16 25 39.02% 27.081700
16 26 38.10% 33.089170
17 26 39.53% 44.978810
18 26 40.91% 24.382257
19 26 42.22% 8.793205
20 26 43.48% 30.203275
21 26 44.68% 39.868421
21 27 43.75% 8.782297
22 27 44.90% 26.943721
22 28 44.00% 8.798734
22 29 43.14% 17.540485
23 29 44.23% 5.897852
24 29 45.28% 23.838261
24 30 44.44% 5.895974
25 30 45.45% 11.706183
25 31 44.64% 8.769753
25 32 43.86% 6.054876
26 32 44.83% 6.208035
27 32 45.76% 5.985121
28 32 46.67% 2.916878
