1
1 0 8 4383 4 9 6 5 11 
0
2
4 2 18 4493 4 12 6 1 11 
8 2 4 2163 4 12 2 7 3 
1
12 3 13 4010 4 7 4 11 9 
0
1
11 5 10 4185 4 1 9 8 5 
1
1 6 7 2858 4 12 10 6 9 
2
5 7 10 3543 4 4 8 11 1 
5 7 8 4241 4 3 1 6 4 
1
10 8 14 9123 4 6 3 11 2 
0
2
2 10 22 47889 4 7 10 3 5 
11 10 11 4225 4 5 3 1 2 
1
2 11 12 3611 4 1 4 7 11 
1
7 12 34 46834 4 3 10 1 4 
0
0
3
2 15 18 4502 4 7 1 8 9 
1 15 16 93 4 11 9 6 4 
11 15 28 15883 4 2 4 6 7 
0
1
1 17 30 61041 4 5 3 11 7 
2
6 18 19 1604 4 2 5 3 11 
6 18 23 1878 4 1 3 11 4 
1
11 19 23 3188 4 2 6 10 4 
1
7 20 21 1454 4 10 2 11 5 
1
11 21 25 17306 4 1 8 10 2 
1
5 22 25 4063 4 10 9 7 4 
1
1 23 27 9423 4 2 5 8 10 
1
11 24 31 28896 4 8 2 3 5 
1
1 25 29 5511 4 6 3 11 5 
0
0
1
10 28 33 24 4 7 2 11 8 
3
1 29 33 11819 4 4 3 6 10 
7 29 30 3301 4 9 4 3 1 
1 29 31 1298 4 4 11 8 5 
1
11 30 34 35172 4 2 12 6 9 
1
4 31 39 14235 4 3 10 5 9 
0
1
8 33 36 11553 4 5 1 7 9 
1
5 34 38 81 4 6 8 7 3 
1
2 35 38 3454 4 7 6 4 1 
2
12 36 40 4993 4 11 5 1 6 
3 36 56 1079 4 8 11 9 4 
1
8 37 38 8812 4 5 3 12 2 
1
5 38 39 19582 4 1 8 9 7 
1
11 39 47 21489 4 5 3 1 2 
0
2
2 41 49 665 4 8 11 4 7 
10 41 50 47834 4 11 6 7 5 
0
1
4 43 56 13251 4 3 11 5 10 
1
10 44 51 10334 4 11 3 4 12 
1
6 45 47 1241 4 10 4 9 5 
2
10 46 55 4501 4 9 5 3 12 
7 46 58 297 4 5 2 4 8 
0
1
7 48 50 7518 4 2 8 1 11 
0
3
1 50 58 5304 4 9 11 7 6 
4 50 52 4931 4 12 7 9 1 
11 50 55 44507 4 8 5 6 10 
0
2
6 52 53 448 4 2 3 4 11 
4 52 59 878 4 1 11 8 10 
0
1
1 54 55 3970 4 9 11 4 3 
0
1
5 56 59 2965 4 4 10 6 2 
3
12 57 59 19525 4 6 2 10 9 
1 57 58 6611 4 6 11 8 7 
11 57 58 2795 4 4 6 7 2 
1
6 58 59 1596 4 11 3 7 2 
1
8 59 59 1286 4 12 1 2 6 
