1 0 100.00% 2.417458
2 0 100.00% 16.981346
3 0 100.00% 2.004506
3 1 75.00% 9.961136
3 2 60.00% 12.951599
4 2 66.67% 11.008570
4 3 57.14% 5.575173
4 4 50.00% 2.237673
4 5 44.44% 13.682719
4 6 40.00% 6.776140
5 6 45.45% 1.281949
6 6 50.00% 2.451150
7 6 53.85% 8.116053
7 7 50.00% 7.312039
7 8 46.67% 4.376873
7 9 43.75% 4.327599
7 10 41.18% 6.172870
7 11 38.89% 8.620244
7 12 36.84% 8.635053
7 13 35.00% 2.070492
8 13 38.10% 6.691946
8 14 36.36% 2.586027
8 15 34.78% 6.728505
8 16 33.33% 3.158734
8 17 32.00% 3.752763
8 18 30.77% 7.595167
8 19 29.63% 3.787145
8 20 28.57% 1.294818
9 20 31.03% 3.582591
10 20 33.33% 4.304022
10 21 32.26% 2.297415
10 22 31.25% 2.093444
10 23 30.30% 3.824451
11 23 32.35% 3.760905
12 23 34.29% 2.536228
12 24 33.33% 3.137399
13 24 35.14% 1.826221
14 24 36.84% 1.907122
15 24 38.46% 1.351516
16 24 40.00% 0.624054
