1 0 100.00% 1.829103
2 0 100.00% 11.387309
3 0 100.00% 1.274015
4 0 100.00% 6.675861
4 1 80.00% 8.771117
4 2 66.67% 7.510557
4 3 57.14% 3.721018
4 4 50.00% 1.273725
4 5 44.44% 9.310914
5 5 50.00% 4.561820
6 5 54.55% 0.960962
6 6 50.00% 1.724103
6 7 46.15% 5.460893
6 8 42.86% 4.966497
6 9 40.00% 2.898386
6 10 37.50% 2.908902
7 10 41.18% 4.200661
7 11 38.89% 6.067337
8 11 42.11% 5.820230
8 12 40.00% 1.276220
9 12 42.86% 4.615508
9 13 40.91% 1.692750
9 14 39.13% 4.577644
9 15 37.50% 2.074856
9 16 36.00% 2.479291
9 17 34.62% 5.062046
10 17 37.04% 2.510199
10 18 35.71% 0.942188
11 18 37.93% 2.813117
12 18 40.00% 3.398096
12 19 38.71% 1.728163
13 19 40.62% 1.909350
14 19 42.42% 2.303871
15 19 44.12% 2.519774
16 19 45.71% 1.684837
16 20 44.44% 2.100426
17 20 45.95% 1.416870
18 20 47.37% 1.297052
19 20 48.72% 0.870263
20 20 50.00% 0.419441
