1 0 100.00% 0.049652
2 0 100.00% 0.070733
2 1 66.67% 0.039038
3 1 75.00% 0.124369
3 2 60.00% 0.310935
4 2 66.67% 0.126238
5 2 71.43% 0.125258
5 3 62.50% 0.021621
6 3 66.67% 0.061544
7 3 70.00% 0.026404
7 4 63.64% 0.017500
8 4 66.67% 0.048009
8 5 61.54% 0.198863
9 5 64.29% 0.181237
10 5 66.67% 0.080068
11 5 68.75% 0.052339
11 6 64.71% 0.129625
11 7 61.11% 0.161380
12 7 63.16% 0.091658
12 8 60.00% 0.027544
13 8 61.90% 0.097040
13 9 59.09% 0.044087
13 10 56.52% 0.205990
14 10 58.33% 0.080930
15 10 60.00% 0.081028
15 11 57.69% 0.169626
16 11 59.26% 0.059230
16 12 57.14% 0.030422
17 12 58.62% 0.037927
18 12 60.00% 0.084313
19 12 61.29% 0.065697
20 12 62.50% 0.067352
21 12 63.64% 0.063256
22 12 64.71% 0.035731
23 12 65.71% 0.030734
23 13 63.89% 0.058525
24 13 64.86% 0.034785
25 13 65.79% 0.035015
26 13 66.67% 0.030068
27 13 67.50% 0.025657
