0 1 0.00% 1.042746
1 1 50.00% 0.260609
2 1 66.67% 1.969701
2 2 50.00% 1.389803
3 2 60.00% 0.775441
3 3 50.00% 0.233131
4 3 57.14% 1.412842
4 4 50.00% 0.809744
4 5 44.44% 0.257855
4 6 40.00% 0.903725
5 6 45.45% 0.698832
6 6 50.00% 2.002734
6 7 46.15% 1.005618
7 7 50.00% 0.791216
8 7 53.33% 1.219001
8 8 50.00% 0.339424
8 9 47.06% 0.779919
8 10 44.44% 1.552631
8 11 42.11% 0.526277
9 11 45.00% 1.167155
9 12 42.86% 1.562415
9 13 40.91% 0.386369
9 14 39.13% 0.044054
9 15 37.50% 0.174599
9 16 36.00% 0.288957
10 16 38.46% 1.106670
10 17 37.04% 0.072428
10 18 35.71% 0.080573
10 19 34.48% 0.046982
10 20 33.33% 0.032317
11 20 35.48% 1.141107
11 21 34.38% 0.535890
11 22 33.33% 1.208437
11 23 32.35% 0.050910
11 24 31.43% 0.720880
12 24 33.33% 0.777278
13 24 35.14% 1.171374
13 25 34.21% 0.362590
13 26 33.33% 0.226271
14 26 35.00% 0.874237
14 27 34.15% 0.181931
14 28 33.33% 0.305122
14 29 32.56% 0.123740
14 30 31.82% 0.181691
14 31 31.11% 0.228054
14 32 30.43% 0.740596
14 33 29.79% 0.050088
15 33 31.25% 0.571632
15 34 30.61% 0.198075
16 34 32.00% 0.598637
17 34 33.33% 0.567899
17 35 32.69% 0.167462
17 36 32.08% 0.125406
17 37 31.48% 0.118446
18 37 32.73% 0.188913
19 37 33.93% 0.189788
19 38 33.33% 0.135832
20 38 34.48% 0.177269
21 38 35.59% 0.078600
