1
11 0 42 143568 4 7 3 6 5 
1
1 1 39 4391 4 2 10 8 3 
0
2
5 3 40 84398 4 4 11 1 7 
7 3 28 52335 4 3 5 9 11 
0
1
7 5 40 14054 4 4 12 9 10 
1
6 6 13 29424 4 2 9 12 7 
1
6 7 32 27734 4 4 10 5 11 
2
11 8 23 1825 4 8 12 1 5 
4 8 14 27064 4 11 5 3 1 
1
9 9 36 69280 4 12 7 6 10 
1
11 10 21 1118 4 3 8 9 4 
1
8 11 50 59720 4 2 11 1 3 
0
1
11 13 31 10655 4 2 12 10 7 
0
3
1 15 39 1722 4 7 6 11 5 
2 15 33 2055 4 12 1 11 8 
2 15 21 10437 4 1 7 5 11 
1
9 16 58 204082 4 4 11 2 12 
1
1 17 48 63747 4 4 5 7 6 
1
6 18 33 30009 4 1 5 9 3 
1
6 19 36 1533 4 5 7 2 12 
1
11 20 49 33603 4 1 9 3 7 
0
1
5 22 44 46549 4 4 3 7 9 
0
1
7 24 26 7763 4 1 10 12 2 
1
2 25 34 73794 4 9 11 5 4 
0
1
2 27 41 54597 4 10 8 5 12 
2
11 28 54 3140 4 3 6 2 7 
5 28 31 10486 4 3 7 4 2 
2
8 29 33 4762 4 1 10 3 5 
6 29 31 10939 4 7 3 4 5 
1
9 30 31 426 4 7 6 10 1 
2
9 31 56 5961 4 7 1 8 12 
12 31 46 31001 4 1 10 7 8 
0
1
5 33 59 62434 4 8 6 10 7 
2
9 34 36 5707 4 4 3 11 2 
4 34 52 47228 4 2 5 11 12 
0
2
4 36 52 3529 4 1 3 8 5 
11 36 58 10329 4 7 5 1 4 
1
9 37 41 2225 4 6 5 8 1 
0
1
11 39 51 33905 4 9 4 3 10 
2
1 40 55 25750 4 12 4 10 9 
12 40 42 461 4 9 1 6 2 
0
2
8 42 59 56917 4 11 2 10 9 
9 42 43 3134 4 4 10 12 8 
0
0
1
6 45 49 11785 4 5 9 10 3 
3
11 46 49 2402 4 8 9 3 10 
11 46 56 9143 4 12 1 9 2 
1 46 48 994 4 11 12 8 2 
0
0
2
10 49 55 3623 4 5 8 4 6 
7 49 53 7469 4 10 8 12 2 
2
7 50 57 4938 4 11 6 10 4 
1 50 58 5731 4 10 9 4 8 
0
2
8 52 55 6705 4 5 10 1 11 
4 52 57 39568 4 2 7 5 12 
1
1 53 57 23227 4 7 10 12 9 
0
2
10 55 57 1034 4 12 8 4 9 
11 55 56 495 4 4 12 8 5 
0
1
6 57 58 5481 4 12 4 11 10 
1
1 58 59 2461 4 3 7 12 11 
1
6 59 59 882 4 11 1 12 8 
