1 0 100.00% 1.981735
2 0 100.00% 3.144317
2 1 66.67% 15.209801
2 2 50.00% 3.270924
2 3 40.00% 1.685788
2 4 33.33% 4.947978
3 4 42.86% 2.508559
4 4 50.00% 5.037867
4 5 44.44% 4.876667
4 6 40.00% 4.655090
5 6 45.45% 3.591629
6 6 50.00% 11.498857
7 6 53.85% 3.428929
7 7 50.00% 7.767484
8 7 53.33% 1.534379
9 7 56.25% 2.098519
10 7 58.82% 3.479043
11 7 61.11% 1.366280
12 7 63.16% 1.420106
13 7 65.00% 5.813485
13 8 61.90% 1.430705
13 9 59.09% 6.649765
14 9 60.87% 2.630676
14 10 58.33% 10.450181
14 11 56.00% 2.708458
14 12 53.85% 7.456342
15 12 55.56% 6.330244
15 13 53.57% 5.467626
15 14 51.72% 2.070395
16 14 53.33% 2.704199
17 14 54.84% 3.377037
18 14 56.25% 3.359480
19 14 57.58% 5.332297
20 14 58.82% 2.882484
20 15 57.14% 1.349309
21 15 58.33% 2.251475
22 15 59.46% 1.550662
23 15 60.53% 1.454407
24 15 61.54% 0.906784
24 16 60.00% 0.720000
