1 0 100.00% 0.075776
2 0 100.00% 0.170403
2 1 66.67% 0.541933
2 2 50.00% 0.093170
2 3 40.00% 0.060931
2 4 33.33% 0.103983
3 4 42.86% 0.067794
4 4 50.00% 0.071373
4 5 44.44% 0.240594
4 6 40.00% 0.166364
5 6 45.45% 0.145235
6 6 50.00% 0.136206
7 6 53.85% 0.127988
8 6 57.14% 0.387501
8 7 53.33% 0.081826
9 7 56.25% 0.066141
10 7 58.82% 0.085501
10 8 55.56% 0.064974
10 9 52.63% 0.053955
11 9 55.00% 0.203117
11 10 52.38% 0.030095
11 11 50.00% 0.269376
11 12 47.83% 0.161756
12 12 50.00% 0.396919
12 13 48.00% 0.127940
12 14 46.15% 0.171610
13 14 48.15% 0.217196
13 15 46.43% 0.195310
13 16 44.83% 0.082684
14 16 46.67% 0.096900
14 17 45.16% 0.175076
15 17 46.88% 0.232266
16 17 48.48% 0.159482
17 17 50.00% 0.093484
17 18 48.57% 0.027989
18 18 50.00% 0.065090
19 18 51.35% 0.064143
20 18 52.63% 0.065130
21 18 53.85% 0.052353
21 19 52.50% 0.033996
