0
1
4 1 3 698 3 11 8 1 
2
1 2 6 6253 3 12 10 8 
8 2 21 119470 3 2 11 1 
1
8 3 6 16158 3 3 10 7 
1
12 4 5 5173 3 6 9 2 
0
2
5 6 11 59193 3 2 6 8 
2 6 8 1945 3 11 9 4 
0
2
7 8 14 4335 3 12 11 9 
3 8 14 35342 3 12 9 2 
0
2
1 10 15 19589 3 8 9 7 
5 10 14 9997 3 9 1 10 
1
4 11 26 3662 3 2 6 1 
1
3 12 16 5906 3 2 5 10 
1
10 13 23 20573 3 4 2 7 
1
1 14 15 2201 3 12 4 8 
0
1
5 16 18 673 3 3 8 11 
1
4 17 20 1719 3 11 8 7 
1
8 18 19 127 3 12 1 10 
1
5 19 20 4863 3 2 9 6 
2
5 20 27 5597 3 11 9 3 
10 20 21 4454 3 1 8 12 
0
1
4 22 30 51458 3 10 5 1 
2
8 23 26 6930 3 4 6 2 
10 23 36 33779 3 6 1 7 
1
8 24 27 11478 3 3 5 11 
0
2
10 26 36 51046 3 9 7 12 
1 26 34 7051 3 10 12 7 
1
1 27 33 20137 3 3 7 11 
1
1 28 30 3948 3 10 7 12 
0
2
4 30 33 1197 3 11 12 2 
10 30 34 2896 3 5 9 1 
0
2
3 32 36 8605 3 4 10 1 
9 32 38 1690 3 8 11 3 
0
2
12 34 37 884 3 5 3 6 
11 34 35 8016 3 9 3 1 
0
2
11 36 38 789 3 8 2 5 
9 36 37 1013 3 6 11 8 
1
2 37 38 1644 3 7 3 9 
0
2
1 39 39 1029 3 6 8 4 
3 39 39 3265 3 5 11 10 
