0
0
1
19 2 11 2406768 7 2 31 4 39 3 12 21 
2
35 3 9 285797 7 3 34 36 38 39 33 21 
29 3 11 546759 7 24 30 39 40 27 6 10 
1
17 4 18 422748 7 27 28 6 10 15 4 37 
1
28 5 12 1356113 7 26 37 22 31 13 23 9 
1
2 6 18 5380507 7 31 38 23 19 6 40 8 
1
34 7 11 478674 7 5 9 35 33 37 10 22 
2
19 8 11 616771 7 30 28 20 14 21 38 7 
26 8 16 2191477 7 8 25 19 37 11 22 3 
0
2
5 10 17 654984 7 30 21 26 40 11 19 32 
29 10 12 288881 7 17 12 8 1 13 31 38 
1
23 11 13 855568 7 26 2 33 31 14 20 32 
0
2
18 13 17 744136 7 4 35 38 39 25 22 21 
36 13 15 270966 7 16 20 9 25 39 15 40 
1
12 14 18 796994 7 3 21 35 4 36 16 2 
1
19 15 16 1843161 7 33 7 30 32 39 1 5 
1
12 16 19 123906 7 4 9 13 2 6 27 34 
1
1 17 18 203814 7 11 23 10 39 33 18 8 
0
2
13 19 19 52258 7 8 19 22 1 9 38 4 
35 19 19 266990 7 4 18 16 29 24 26 23 
