0 1 0.00% 1.210385
0 2 0.00% 1.558705
1 2 33.33% 0.212735
2 2 50.00% 0.462138
3 2 60.00% 0.210222
4 2 66.67% 0.452649
4 3 57.14% 0.400181
4 4 50.00% 0.567664
4 5 44.44% 0.112078
4 6 40.00% 2.623957
4 7 36.36% 2.787881
5 7 41.67% 1.083842
5 8 38.46% 1.574025
5 9 35.71% 0.194952
5 10 33.33% 1.478194
6 10 37.50% 0.398724
7 10 41.18% 0.874731
7 11 38.89% 1.375024
8 11 42.11% 1.106441
8 12 40.00% 0.327672
8 13 38.10% 1.273282
8 14 36.36% 1.143099
9 14 39.13% 0.198240
9 15 37.50% 1.467135
9 16 36.00% 0.825029
9 17 34.62% 1.429985
10 17 37.04% 0.760210
11 17 39.29% 0.491584
11 18 37.93% 0.538343
11 19 36.67% 0.189943
11 20 35.48% 0.661891
11 21 34.38% 0.142397
12 21 36.36% 0.520941
13 21 38.24% 0.485418
13 22 37.14% 0.239311
13 23 36.11% 0.184969
13 24 35.14% 0.093674
14 24 36.84% 0.191030
14 25 35.90% 0.470347
15 25 37.50% 0.183826
15 26 36.59% 0.244973
15 27 35.71% 0.109078
15 28 34.88% 0.506109
16 28 36.36% 0.371859
16 29 35.56% 0.410411
17 29 36.96% 0.431528
18 29 38.30% 0.324709
18 30 37.50% 0.244925
19 30 38.78% 0.223641
19 31 38.00% 0.501383
19 32 37.25% 0.197630
20 32 38.46% 0.116338
21 32 39.62% 0.432483
22 32 40.74% 0.134239
23 32 41.82% 0.279725
23 33 41.07% 0.090500
24 33 42.11% 0.161123
24 34 41.38% 0.101154
25 34 42.37% 0.124761
25 35 41.67% 0.037678
