0
1
10 1 19 40405 4 8 6 7 1 
1
1 2 42 201863 4 12 8 4 5 
2
10 3 11 4169 4 3 8 11 7 
8 3 33 12908 4 6 2 7 10 
1
4 4 45 2385 4 5 11 7 3 
1
3 5 22 5511 4 5 12 10 9 
1
11 6 23 93610 4 7 3 4 6 
1
6 7 32 215979 4 11 7 3 5 
0
1
11 9 10 2892 4 5 2 10 1 
1
8 10 55 107727 4 9 10 5 3 
1
3 11 56 109250 4 5 1 9 8 
1
12 12 28 29115 4 3 2 8 6 
2
4 13 42 100404 4 9 2 3 8 
1 13 16 12104 4 10 7 2 6 
0
2
3 15 38 50572 4 1 8 9 12 
4 15 27 7381 4 3 11 10 2 
0
1
4 17 44 16758 4 12 11 9 3 
2
8 18 52 144970 4 11 2 4 10 
1 18 59 27720 4 2 6 3 4 
1
5 19 25 10068 4 1 10 8 9 
0
1
10 21 39 37050 4 4 2 9 5 
1
10 22 56 85351 4 1 8 6 7 
1
2 23 26 1095 4 8 5 11 10 
1
7 24 50 66309 4 8 4 5 10 
0
3
12 26 48 55959 4 9 7 6 5 
9 26 51 80150 4 5 8 4 6 
2 26 49 10536 4 1 3 9 5 
1
11 27 38 6099 4 4 10 8 5 
1
11 28 41 30210 4 10 2 7 9 
1
1 29 38 42516 4 7 9 5 8 
1
4 30 57 176741 4 7 1 12 3 
1
5 31 32 1016 4 3 9 4 12 
1
6 32 39 15020 4 8 9 2 7 
1
3 33 39 2780 4 11 12 4 2 
1
1 34 39 2734 4 5 6 7 12 
0
1
3 36 43 47696 4 6 8 12 11 
1
12 37 38 5878 4 11 2 9 1 
2
1 38 44 2833 4 3 9 12 4 
6 38 48 56259 4 3 2 8 10 
0
1
9 40 47 3904 4 11 1 3 4 
2
11 41 47 28629 4 9 8 4 2 
12 41 45 39296 4 1 9 5 10 
0
1
1 43 56 71979 4 5 11 7 12 
0
3
7 45 59 13354 4 8 4 5 12 
9 45 51 12907 4 8 6 3 5 
12 45 53 8265 4 7 10 3 11 
1
3 46 54 4083 4 4 6 2 11 
1
7 47 51 8488 4 12 2 6 10 
1
6 48 58 1010 4 12 11 1 7 
1
4 49 58 27685 4 6 11 5 2 
1
8 50 52 6277 4 10 3 11 2 
1
12 51 59 808 4 7 11 1 9 
1
5 52 58 16121 4 2 1 12 9 
1
4 53 54 2048 4 5 9 3 8 
1
7 54 58 1744 4 3 4 5 10 
1
5 55 56 4842 4 7 6 3 1 
0
2
8 57 58 2191 4 2 10 7 9 
5 57 58 3975 4 6 1 11 7 
1
11 58 59 777 4 1 3 12 2 
1
4 59 59 5185 4 2 11 1 9 
