1
15 0 3 501811648 26 33 25 7 30 10 26 36 28 20 12 27 11 5 24 18 29 16 9 23 40 32 19 8 37 17 3 
1
11 1 5 124211440 29 19 25 39 3 35 18 7 16 4 29 36 2 24 10 8 5 34 22 26 32 14 13 27 17 9 6 23 40 20 
0
2
39 3 8 2667419232 28 22 18 33 6 12 14 7 16 40 5 25 21 23 11 20 24 31 19 34 4 8 29 15 26 32 36 1 9 
13 3 9 581351960 30 3 15 18 39 40 29 28 38 9 20 14 27 26 2 16 11 33 12 10 6 1 23 25 35 19 34 36 22 7 30 
1
7 4 23 3660394880 25 22 37 21 12 13 30 24 20 19 26 32 34 40 27 18 23 38 11 5 16 2 28 17 33 3 
4
16 5 21 1264315568 24 31 9 12 23 4 28 33 7 32 40 39 26 37 8 29 1 36 20 24 21 15 25 35 22 
2 5 10 693107232 24 5 16 37 14 6 20 38 29 32 27 34 15 25 30 26 18 28 3 21 19 35 31 7 40 
22 5 11 1586037936 25 8 18 35 17 30 13 36 2 5 11 39 21 19 26 14 1 32 10 34 23 29 27 16 37 25 
10 5 16 455918880 28 2 33 20 19 28 1 11 7 31 4 34 17 8 37 32 18 29 39 16 14 13 5 15 26 3 22 23 40 
1
2 6 9 628529792 29 38 31 40 18 33 8 12 39 34 11 21 28 14 32 3 20 17 1 16 7 30 23 24 13 26 25 22 5 19 
4
31 7 16 333500240 25 23 16 9 2 39 18 35 3 38 30 15 8 11 1 14 34 37 6 25 32 20 17 5 10 19 
23 7 16 1575017280 27 26 32 4 27 39 1 21 3 24 19 6 35 20 8 37 13 2 25 15 30 28 18 31 10 36 17 33 
23 7 13 880640544 24 9 37 36 4 28 35 24 2 38 34 14 30 5 3 39 11 40 27 8 18 10 7 16 13 
13 7 15 3141768024 27 22 4 1 23 18 30 16 40 31 12 32 26 14 29 15 8 24 6 34 28 20 33 27 21 2 36 39 
1
31 8 9 1032095424 25 32 37 21 26 33 1 5 36 10 29 23 34 9 24 40 39 28 8 25 14 15 4 19 27 18 
2
22 9 26 421242624 25 30 17 9 19 27 21 4 18 24 2 7 26 14 33 37 25 12 5 1 39 32 34 28 16 20 
16 9 11 357516192 24 19 10 8 7 3 13 34 35 32 17 29 38 1 5 28 2 12 25 14 9 39 6 15 27 
2
28 10 13 334888608 28 39 17 30 22 14 27 6 12 8 24 25 34 26 1 21 29 35 7 18 15 11 20 4 38 33 3 9 13 
30 10 11 1547780208 26 36 20 29 15 14 1 31 6 12 19 16 7 34 24 33 5 18 27 25 8 39 2 22 10 23 21 
2
16 11 14 435384544 25 31 37 22 23 12 40 21 30 19 24 3 39 5 34 4 33 1 10 20 8 2 32 7 29 6 
28 11 15 798201120 26 4 36 1 10 27 39 34 18 8 13 25 23 3 17 6 14 38 37 2 32 26 22 31 15 7 19 
0
4
2 13 17 298535720 24 16 37 15 23 30 26 20 27 3 1 17 28 11 19 7 25 21 38 22 29 5 31 8 33 
1 13 15 887892888 30 22 25 13 39 33 28 29 34 37 4 24 32 27 7 18 9 3 17 21 40 11 6 5 15 35 23 19 14 2 38 
26 13 18 108200256 26 6 38 32 16 31 34 8 33 28 5 7 24 39 40 2 15 11 20 27 37 21 1 25 19 22 17 
40 13 24 1449348960 24 3 29 7 30 13 18 17 33 14 22 32 12 8 34 21 6 36 20 28 24 16 23 19 31 
1
19 14 20 271010544 26 18 25 31 4 9 34 24 23 39 15 22 16 2 29 26 1 38 21 36 3 17 5 37 33 35 30 
4
19 15 23 106201944 29 6 16 31 33 27 3 37 2 18 5 36 28 40 35 34 13 24 14 21 29 11 39 4 32 17 1 38 12 9 
8 15 18 251712672 24 39 5 18 21 37 38 23 15 33 3 27 14 6 26 35 2 36 30 16 9 7 12 32 19 
10 15 21 2624898640 27 22 5 13 1 26 38 34 8 2 19 11 23 36 31 20 32 16 25 17 27 4 12 40 37 21 28 9 
3 15 28 958668928 28 19 38 5 36 8 26 31 6 15 13 34 21 35 25 17 22 24 2 40 20 33 16 32 37 7 27 14 10 
2
12 16 38 9733733768 30 31 19 40 7 15 38 4 6 26 3 10 18 16 39 2 27 11 20 8 1 5 35 24 9 37 14 21 28 36 33 
33 16 49 1170745664 26 25 11 10 35 8 14 21 28 9 1 12 16 18 27 4 26 15 13 5 7 29 19 37 39 3 2 
1
15 17 29 5274411584 26 36 5 18 11 34 33 24 23 3 29 13 14 28 40 2 10 6 30 8 7 31 21 9 25 26 39 
2
35 18 26 94119768 28 2 40 38 39 25 30 24 13 26 29 31 37 12 19 1 8 20 17 28 16 21 36 3 22 33 4 6 7 
6 18 24 2298384536 30 17 18 26 1 14 16 21 25 23 7 11 9 37 35 30 24 5 8 20 13 3 38 39 34 28 29 22 4 12 40 
3
25 19 22 272713408 28 27 36 14 15 30 19 39 1 33 31 2 37 17 35 7 10 12 34 13 4 38 16 9 11 8 23 20 22 
24 19 20 193493168 24 28 2 21 16 8 26 25 6 18 10 36 1 37 11 15 34 14 27 38 5 22 35 13 4 
33 19 30 5555024736 30 36 28 27 16 5 7 12 25 18 38 13 35 26 2 24 29 11 8 22 4 21 30 39 40 23 34 37 20 15 17 
1
15 20 26 656112576 29 2 12 32 34 27 25 8 7 24 16 29 14 39 10 20 17 26 1 36 37 5 40 23 35 9 13 31 18 21 
3
9 21 26 305991888 29 6 4 22 21 12 14 35 38 17 13 33 10 15 20 23 32 5 11 30 29 28 31 27 2 24 36 3 19 16 
23 21 26 1327434864 24 32 20 12 16 9 6 4 1 11 25 19 34 26 30 21 35 17 18 28 14 39 29 2 31 
27 21 33 3768766352 27 9 34 39 26 20 11 3 31 6 30 2 28 8 12 5 36 13 22 4 25 37 19 1 15 7 17 38 
1
11 22 33 1106633184 24 24 10 17 23 4 30 18 21 14 22 3 40 27 25 20 19 29 33 12 5 8 6 2 26 
1
38 23 24 79178416 27 8 3 21 40 37 22 33 19 17 24 18 20 14 15 11 4 30 39 16 29 5 23 1 27 9 28 13 
0
4
24 25 27 442403832 29 36 1 39 31 33 9 30 16 5 25 17 3 37 7 26 34 6 22 27 13 21 20 32 18 19 28 35 10 4 
10 25 29 892764520 25 12 30 25 14 5 28 9 34 16 3 27 21 35 36 29 6 2 22 18 1 37 15 4 31 7 
5 25 28 262120096 27 35 29 4 32 27 21 11 25 26 19 18 10 6 36 17 7 13 20 24 22 9 33 14 31 8 34 37 
6 25 28 662142752 24 17 36 11 12 10 29 32 20 27 9 31 37 26 16 23 30 25 24 15 40 4 14 33 13 
2
19 26 59 9875739824 25 40 14 28 21 23 1 17 13 29 3 15 5 16 2 20 9 33 22 18 25 37 27 39 32 36 
8 26 31 1279111488 30 36 28 17 2 12 18 24 1 33 34 11 40 37 20 27 14 6 30 13 7 4 38 22 32 29 26 3 10 35 23 
3
7 27 31 2405249880 26 38 17 29 9 24 3 21 33 8 23 12 25 22 13 5 2 30 26 11 32 16 1 14 10 15 40 
13 27 28 374654272 27 23 28 18 26 22 33 34 31 14 5 20 6 39 40 12 25 16 32 2 38 24 27 37 36 9 4 21 
33 27 29 151931184 28 25 28 24 4 2 30 31 5 34 1 17 38 13 7 40 27 10 22 35 6 39 18 20 26 16 15 8 14 
1
18 28 30 410752368 29 15 37 21 8 22 24 39 32 26 19 2 29 23 7 31 40 30 13 17 3 35 9 12 33 4 27 36 5 28 
3
34 29 32 37437472 29 37 18 10 40 13 12 28 25 23 5 6 9 30 33 21 29 3 11 39 31 20 7 36 26 19 15 1 4 17 
16 29 32 39675200 27 14 6 31 13 12 18 9 20 40 38 21 39 22 25 37 24 19 17 3 23 15 29 4 36 35 5 32 
14 29 31 2914971768 30 38 26 23 6 18 31 34 40 29 11 20 10 15 16 5 9 17 19 28 4 35 22 2 27 36 21 1 32 30 8 
1
36 30 36 581352576 27 1 14 6 16 31 29 17 35 30 12 22 34 7 24 21 18 5 28 13 33 3 27 10 4 39 11 25 
2
21 31 33 1730309880 29 25 19 23 1 17 39 30 4 29 24 31 34 14 8 27 35 5 36 37 38 15 9 6 28 3 18 11 10 16 
23 31 37 1201624928 25 10 34 32 5 36 30 11 19 26 15 1 37 13 17 6 4 12 16 3 40 27 2 22 21 20 
3
13 32 36 500375200 30 28 38 29 31 9 16 33 36 7 18 25 14 10 1 39 20 3 40 34 12 32 23 35 21 37 24 26 5 27 11 
21 32 43 114501696 28 37 14 38 26 34 16 25 1 20 6 12 29 18 40 39 22 2 23 13 32 28 17 11 31 36 35 24 9 
7 32 33 442461488 29 6 33 26 23 11 14 34 39 2 17 24 4 5 37 32 15 27 3 1 38 36 8 21 40 28 20 35 13 16 
2
29 33 37 1501758120 25 36 24 30 25 9 28 26 21 23 33 18 13 22 20 38 37 1 34 5 8 27 16 6 12 31 
26 33 35 422184144 25 4 22 37 5 33 39 40 9 2 11 19 16 1 28 32 23 24 36 18 8 3 7 17 6 21 
2
26 34 41 2137784000 28 2 7 33 10 6 24 14 12 21 28 17 8 11 37 15 1 32 13 5 31 38 29 19 4 16 30 36 39 
37 34 36 62924496 25 30 21 32 3 22 8 38 15 29 19 11 39 14 2 6 17 1 5 18 13 12 9 33 24 28 
2
20 35 41 216768104 29 36 5 12 38 22 4 3 40 2 33 31 28 25 32 29 16 21 19 9 27 18 30 24 10 11 7 26 13 34 
5 35 45 853186840 28 6 28 17 37 34 22 3 13 9 27 16 39 35 11 19 8 25 33 10 38 40 15 20 32 12 1 4 18 
0
3
7 37 47 524040968 27 12 21 1 37 2 18 17 8 9 39 10 40 5 33 27 23 22 25 26 4 36 13 19 20 3 24 31 
15 37 40 571986688 28 4 24 30 32 21 40 19 36 38 35 5 2 3 34 20 6 8 25 17 23 22 27 7 33 26 28 9 37 
13 37 39 333042912 28 38 35 8 21 20 14 11 26 15 32 4 5 6 40 16 9 17 30 28 39 31 2 10 19 29 22 27 33 
5
12 38 54 2983662384 24 6 38 5 31 13 28 3 2 23 32 17 20 16 4 18 9 26 22 39 37 15 14 7 10 
29 38 40 576450912 26 31 10 9 21 35 14 28 25 36 15 23 19 17 40 5 30 12 22 20 33 7 3 1 38 4 13 
8 38 41 34341600 26 16 9 12 33 20 21 34 2 18 26 3 39 37 38 32 40 7 23 5 17 31 27 15 11 22 6 
18 38 43 2047065360 30 6 31 9 10 12 1 28 21 15 22 13 4 38 11 39 16 5 34 2 23 17 32 40 3 36 19 7 14 27 20 
13 38 41 657889408 30 16 18 36 38 6 10 23 29 28 12 34 14 17 26 40 2 31 5 21 9 25 7 22 35 20 8 19 37 39 33 
2
22 39 40 625137872 26 26 33 38 35 9 3 27 23 28 6 12 25 19 4 13 7 15 17 39 24 40 14 29 8 5 30 
24 39 51 4210661624 25 28 14 23 20 2 21 11 30 34 39 27 9 6 25 13 36 32 18 40 12 4 3 29 1 16 
0
0
1
18 42 51 2069827280 29 10 4 21 34 13 14 3 30 25 32 27 28 31 37 12 1 15 16 9 6 26 23 40 7 33 35 19 38 36 
3
33 43 46 168318464 26 19 24 40 17 4 12 20 16 8 5 39 32 3 6 7 10 30 36 13 11 14 18 21 26 38 37 
22 43 49 177140544 27 14 2 40 37 7 4 17 26 18 39 32 19 25 16 31 38 15 27 28 33 6 20 11 8 30 3 10 
23 43 45 935447088 26 28 3 22 6 26 1 16 31 25 35 8 39 20 2 34 17 9 4 11 37 29 36 38 32 18 27 
2
39 44 49 122338992 29 29 7 8 37 26 35 24 1 3 9 36 5 25 32 2 15 18 21 28 31 11 20 27 23 22 10 4 17 33 
39 44 51 144381696 26 12 3 28 36 8 11 33 35 24 5 29 14 16 27 18 6 19 34 40 20 21 22 2 37 1 38 
5
5 45 48 1788535712 24 36 8 12 30 31 19 35 23 2 27 20 21 15 4 1 10 9 6 29 17 38 22 33 24 
5 45 68 1405428288 26 8 30 17 29 27 9 11 40 39 18 3 19 2 23 38 12 6 32 21 20 15 13 4 26 7 33 
24 45 67 4743783120 29 5 12 20 34 27 22 2 40 31 6 15 17 21 9 18 1 4 32 13 25 8 3 36 33 39 7 16 30 28 
15 45 49 1148158360 30 12 11 17 6 40 23 2 24 3 32 1 28 37 31 20 5 21 10 27 7 35 16 38 19 33 22 18 9 34 29 
31 45 47 292965816 28 8 11 30 37 34 33 15 25 36 32 5 40 1 10 6 13 29 17 39 19 35 20 2 23 7 21 26 18 
2
9 46 47 239773088 26 25 16 37 7 13 23 12 36 10 11 33 1 19 3 39 31 17 2 30 27 8 35 22 29 38 40 
11 46 60 968746560 25 26 34 24 19 5 31 14 39 21 25 32 40 38 4 29 35 37 6 16 27 3 18 8 33 9 
2
19 47 48 636127920 27 4 2 27 35 10 34 32 3 25 6 26 11 33 21 40 17 9 39 36 12 31 8 1 30 29 15 38 
38 47 55 99312840 30 12 37 30 40 9 10 1 39 15 13 7 34 2 8 23 27 20 11 24 33 16 22 29 32 21 5 25 36 35 6 
0
2
17 49 50 237906288 27 38 14 12 2 32 13 20 15 6 22 10 35 1 30 29 11 27 36 31 16 40 8 5 26 33 24 19 
29 49 55 1017505328 26 40 6 36 22 10 7 1 20 15 18 11 17 9 34 26 38 12 2 39 23 31 3 24 5 19 25 
3
35 50 61 3440424192 24 33 37 39 7 4 27 5 13 12 26 3 14 18 24 8 30 1 36 21 32 9 17 22 40 
2 50 65 179382016 27 1 34 32 3 21 39 36 35 14 20 38 40 4 27 6 5 16 15 33 7 31 11 9 10 28 17 12 
12 50 51 556069040 29 37 26 20 33 18 32 17 21 31 6 35 3 15 5 38 24 14 10 22 36 40 23 39 25 34 7 9 1 28 
4
3 51 71 9607952088 25 23 17 26 34 16 22 2 8 36 38 21 39 14 33 37 12 10 6 24 29 13 20 25 1 35 
3 51 52 996400016 27 16 5 9 25 28 34 40 4 22 26 6 12 15 31 11 20 17 30 13 38 27 35 37 8 14 1 36 
25 51 58 1348809728 26 17 29 32 14 8 15 22 39 34 28 26 2 18 24 10 19 6 7 38 20 12 40 5 23 27 16 
28 51 53 480533592 24 26 11 35 7 19 29 40 38 3 16 13 5 2 24 25 10 21 9 30 12 14 8 22 4 
0
2
21 53 56 425828512 28 15 24 19 4 26 34 2 29 25 7 8 17 13 27 18 33 20 1 39 22 40 35 11 37 12 23 16 9 
29 53 55 13259856 26 7 27 38 23 3 32 1 20 34 26 33 8 18 12 4 25 28 30 24 6 14 31 22 13 9 10 
0
3
27 55 57 539793552 28 11 17 8 22 10 36 13 1 15 40 12 24 6 18 14 30 9 37 35 32 23 31 29 2 21 7 3 26 
18 55 64 168989840 24 31 19 3 27 15 28 21 26 16 11 10 22 39 34 40 32 29 8 24 4 12 7 9 6 
8 55 60 2151834048 28 18 1 33 17 3 37 28 35 36 13 12 15 11 5 4 26 38 40 7 2 39 24 19 34 30 16 6 9 
2
11 56 102 1003830888 25 2 30 36 5 32 16 34 38 28 35 6 4 27 25 33 18 37 14 23 15 24 29 13 3 21 
21 56 63 195180352 26 10 22 17 2 35 1 11 5 23 7 32 14 13 36 26 39 16 31 9 37 15 28 18 6 29 4 
3
20 57 77 2953820856 29 24 39 1 17 40 34 29 27 22 16 2 28 18 11 12 5 30 25 35 15 3 14 6 32 21 4 36 31 19 
38 57 71 2181990360 26 18 34 13 21 39 9 36 6 17 31 20 28 7 19 27 4 40 30 1 14 11 23 22 5 35 24 
31 57 60 185603488 25 25 9 33 11 17 8 37 6 24 7 26 13 19 18 28 2 30 10 5 32 27 4 38 3 12 
3
29 58 67 2401305840 26 4 14 21 16 25 34 40 26 6 20 30 5 1 36 24 28 23 33 38 2 32 7 13 39 17 37 
30 58 59 521736496 29 5 28 40 35 15 11 13 18 25 22 32 39 2 26 4 31 24 27 17 33 8 20 37 19 36 23 34 38 14 
32 58 63 590910864 25 18 7 9 22 36 31 2 15 40 23 37 34 35 16 12 28 13 20 19 27 17 14 30 6 8 
0
2
22 60 82 1029286800 28 37 15 12 14 19 25 8 18 33 21 16 38 3 5 24 39 10 31 11 13 2 17 23 34 27 6 7 9 
7 60 73 3872758960 26 39 40 18 35 15 25 16 31 10 27 4 14 36 13 5 38 6 3 28 9 19 30 12 1 26 34 
2
6 61 76 6441957120 30 14 40 39 17 37 23 26 19 4 12 36 1 2 9 25 27 32 38 28 31 11 3 21 30 29 33 10 5 8 7 
12 61 69 199422792 28 5 34 9 13 7 14 37 23 21 4 10 16 24 3 27 25 29 26 22 8 36 30 32 1 18 28 39 38 
3
40 62 71 1040122880 25 32 31 29 3 10 17 12 18 37 35 1 13 7 27 16 26 15 23 21 19 34 24 9 22 20 
4 62 81 6421865600 28 28 32 38 39 2 19 3 23 16 10 30 7 34 5 8 9 13 29 17 18 27 35 20 37 25 24 26 1 
11 62 65 396604160 30 30 28 3 9 6 31 20 2 36 7 21 29 12 1 33 13 22 15 8 34 17 18 10 4 26 5 27 39 37 25 
3
10 63 66 276398016 30 20 27 39 18 26 11 40 28 2 8 3 37 15 5 38 1 6 35 29 32 16 14 24 19 36 12 4 31 9 25 
29 63 72 808014880 25 11 8 19 10 33 26 9 5 14 15 39 17 6 2 13 30 32 28 3 23 7 25 40 1 24 
10 63 66 707792608 25 8 28 23 24 17 2 22 35 40 19 38 7 27 15 3 30 1 9 12 33 18 37 29 32 36 
3
5 64 68 1774330680 29 31 28 33 10 34 23 12 9 6 17 26 30 16 24 3 8 39 40 25 22 15 21 29 32 36 38 2 37 27 
39 64 85 64117328 26 24 38 21 26 25 37 11 27 17 15 31 6 13 35 23 22 29 33 7 40 8 30 12 3 18 16 
21 64 75 54898848 27 39 29 10 23 31 40 19 4 25 22 27 32 15 11 2 37 24 12 36 7 35 5 13 1 8 28 18 
2
11 65 81 3707058216 29 1 16 25 31 34 26 38 13 4 10 28 5 29 27 39 14 6 37 8 9 12 30 24 23 15 40 7 19 35 
9 65 74 1247666640 26 32 20 7 11 5 15 18 27 13 16 30 2 12 25 19 37 39 38 29 21 24 3 14 22 6 1 
0
2
34 67 79 3888701336 24 24 7 31 23 16 36 4 30 33 25 21 6 12 9 2 11 1 29 19 28 10 38 3 37 
40 67 72 255884688 29 30 15 35 2 18 10 4 32 21 33 25 17 14 36 38 3 31 7 24 9 22 34 6 20 11 8 39 19 13 
3
35 68 79 405839616 25 29 5 22 32 34 15 23 10 16 18 21 26 9 30 12 4 3 11 28 1 33 14 27 36 13 
30 68 71 800729376 28 12 16 21 29 22 37 39 10 13 17 18 32 7 34 36 40 3 15 33 23 4 31 14 25 26 19 38 20 
40 68 70 121669392 26 17 16 31 36 20 35 33 24 22 32 34 7 18 21 28 30 39 13 3 26 15 11 5 10 4 38 
2
7 69 82 1788162880 27 28 31 22 35 11 40 32 14 2 13 9 27 5 25 39 33 26 19 23 30 3 16 10 1 6 36 17 
8 69 75 2046333632 24 17 6 14 30 4 34 29 13 1 38 33 2 37 19 23 39 18 21 31 9 24 36 40 5 
0
3
2 71 75 611043480 26 10 31 13 14 29 3 16 8 9 34 6 27 18 1 19 28 4 15 26 37 11 7 33 22 20 35 
20 71 72 13401728 30 13 21 10 6 19 38 2 7 30 39 36 18 26 22 31 16 29 1 33 23 5 24 37 32 40 27 28 15 3 14 
13 71 85 3739066680 28 3 4 33 24 28 22 23 25 31 37 19 16 34 10 30 15 36 29 21 39 5 8 17 11 18 1 9 38 
0
3
28 73 78 387278016 29 29 34 6 25 30 14 38 8 7 5 33 12 16 9 1 23 40 4 18 15 22 35 36 2 24 20 27 13 37 
4 73 79 149119264 29 31 13 29 5 30 16 6 33 20 28 37 8 35 19 7 26 15 18 1 39 12 34 24 10 32 9 25 40 14 
4 73 78 440837760 28 1 37 3 24 25 7 18 17 35 6 23 13 21 20 5 14 11 34 32 28 38 31 26 27 40 33 30 10 
3
5 74 75 227798800 30 8 11 37 22 20 12 19 9 38 35 6 16 15 40 25 39 34 23 29 7 14 2 21 27 3 17 33 4 1 32 
24 74 78 1441786240 27 26 31 38 21 14 1 22 18 12 13 40 2 6 15 28 34 7 5 35 16 23 39 3 19 8 4 9 
31 74 75 323897056 27 12 9 20 36 34 10 6 30 35 39 38 40 7 27 11 29 5 21 13 18 19 25 4 8 26 14 15 
2
22 75 84 274763440 28 38 37 13 26 33 21 18 25 1 19 34 10 28 9 29 23 16 11 32 24 6 20 8 36 5 30 39 35 
24 75 78 1506372288 29 10 15 35 14 20 34 3 13 30 5 36 27 38 1 25 26 33 4 22 9 18 31 16 12 37 28 29 23 21 
3
38 76 78 110457720 26 13 12 27 9 5 37 23 2 11 36 8 35 20 21 29 14 15 32 28 6 25 31 17 34 3 40 
37 76 78 1111789920 30 25 9 8 3 19 29 5 23 20 4 7 6 35 22 14 16 10 36 38 13 17 34 32 28 18 11 24 30 31 40 
36 76 87 3852498816 27 26 29 15 33 28 27 2 22 25 10 3 34 20 12 17 38 13 14 31 40 21 5 11 24 1 6 9 
2
23 77 112 7956865152 25 21 29 3 32 40 13 27 6 37 36 30 31 25 1 26 22 4 34 15 24 10 9 17 38 16 
7 77 78 247700576 29 37 21 29 31 12 20 39 18 3 4 34 25 14 27 2 30 16 22 40 28 24 15 6 23 19 9 26 1 32 
3
22 78 82 560217240 27 30 16 17 38 26 25 19 23 8 24 33 20 32 31 35 39 40 13 29 2 11 18 4 14 15 9 21 
33 78 79 267888576 30 24 34 18 13 1 17 31 8 32 4 10 16 7 12 30 6 22 28 19 3 36 26 27 20 38 25 15 39 40 21 
19 78 82 260387880 24 3 17 25 11 35 28 2 38 31 4 7 37 29 9 22 39 14 16 26 34 8 18 24 13 
1
20 79 81 309346032 24 17 34 10 30 26 25 40 19 18 27 39 24 16 23 14 15 1 31 22 36 29 4 32 33 
1
7 80 85 389295552 28 40 3 16 32 24 25 1 2 6 21 14 23 18 11 28 31 13 22 20 10 36 39 37 29 27 30 9 8 
2
1 81 91 2896055800 28 15 32 13 14 6 3 29 8 11 38 24 26 19 2 16 25 17 5 18 35 7 22 31 34 37 39 33 9 
11 81 89 881717544 25 38 5 37 25 17 34 1 30 39 14 27 35 18 40 6 29 21 4 13 8 15 20 28 23 2 
2
39 82 85 975688096 26 28 5 13 6 38 37 34 4 9 17 1 21 23 15 12 25 29 18 26 19 35 2 24 11 7 31 
20 82 89 1102110592 30 2 3 36 13 27 30 26 34 23 12 33 31 19 4 9 32 24 40 21 6 8 1 39 7 11 15 22 37 14 25 
1
14 83 84 416982288 24 12 3 36 4 8 39 16 1 24 19 29 6 7 31 34 10 18 37 5 38 40 20 30 28 
2
6 84 86 660567768 25 18 11 29 24 30 20 21 19 14 12 5 23 39 32 27 36 13 3 28 34 4 8 35 33 1 
40 84 99 2344024192 28 20 12 26 31 8 38 9 16 11 33 7 22 4 6 18 39 19 23 34 15 17 30 36 27 21 5 3 24 
1
17 85 92 1128024000 29 22 34 21 11 35 2 8 3 37 7 1 15 12 32 30 26 28 29 36 18 20 27 16 6 31 40 9 23 24 
4
18 86 88 1274236680 27 17 9 3 40 28 24 12 16 34 25 13 11 4 31 29 32 5 15 27 23 19 38 21 33 6 20 36 
12 86 96 387965248 30 33 37 13 18 3 29 19 6 7 17 15 9 4 22 36 11 35 1 28 30 26 25 10 27 23 2 39 31 14 20 
16 86 93 382413952 27 26 9 14 15 34 1 20 35 7 10 36 31 18 4 11 38 28 27 19 13 32 33 37 21 29 39 2 
33 86 88 857365848 24 28 37 11 22 18 8 16 25 32 9 6 39 38 20 7 4 14 29 27 13 23 10 36 21 
3
6 87 90 1203327392 30 10 5 3 14 38 9 33 1 15 40 20 19 16 32 4 24 21 39 26 29 37 36 22 25 31 13 30 17 35 7 
36 87 91 1111029840 27 37 14 38 35 7 20 3 15 9 30 8 1 19 23 31 22 18 2 40 16 17 28 25 11 32 4 6 
3 87 91 447044240 27 32 30 1 5 40 11 18 6 24 39 34 26 21 33 27 35 8 37 9 25 23 20 14 17 22 7 28 
4
40 88 95 943447808 29 10 30 37 16 11 6 14 34 17 18 29 3 5 21 31 27 24 2 20 33 28 25 32 8 1 4 13 9 7 
14 88 107 17179869176 24 37 27 18 1 9 32 17 16 33 31 22 6 2 35 15 34 39 21 25 12 10 29 3 30 
5 88 89 2853360 24 28 19 32 9 2 3 15 40 6 31 25 34 17 4 38 23 36 11 30 29 21 24 37 8 
38 88 89 797294304 28 14 17 39 35 9 33 13 20 16 7 4 19 31 30 1 32 29 36 22 11 40 6 25 5 8 2 26 21 
0
2
27 90 92 1670448 27 33 24 32 35 38 28 8 40 11 4 31 7 17 22 23 18 5 21 36 16 12 19 34 9 20 14 3 
28 90 92 297307992 26 37 31 10 13 3 8 17 6 25 27 32 29 33 12 22 9 36 4 21 35 16 24 26 30 19 11 
2
4 91 97 1002116976 29 3 35 32 8 20 29 34 33 18 11 2 24 19 27 21 5 39 12 17 37 16 38 9 36 40 1 30 15 6 
15 91 94 1277600864 27 21 6 28 32 1 26 34 29 33 24 40 11 13 20 10 3 8 22 14 7 9 37 4 31 5 2 17 
4
11 92 98 567001176 29 12 4 14 18 20 26 21 19 28 1 22 8 36 32 16 29 31 17 33 34 24 5 15 10 27 40 3 2 9 
14 92 93 276855856 30 30 29 11 26 2 13 19 7 31 36 40 10 20 25 17 34 22 15 24 8 32 1 37 35 33 6 4 28 9 3 
16 92 93 265180080 24 17 25 27 36 40 3 20 8 5 28 13 10 26 37 14 34 6 32 19 12 24 22 39 1 
34 92 100 2257643376 24 4 3 11 20 27 39 18 6 24 12 40 31 25 9 15 16 38 29 5 13 1 32 30 33 
0
1
14 94 100 322556976 27 9 26 7 33 25 2 12 31 13 35 17 3 27 16 6 11 32 21 38 1 37 4 19 29 20 23 28 
3
6 95 97 21011160 25 33 12 37 36 21 24 30 18 15 29 9 11 13 27 1 25 28 5 23 26 35 10 20 38 8 
27 95 97 290612376 26 39 17 24 38 34 21 36 4 31 5 28 40 12 6 13 37 3 20 14 11 9 16 26 30 18 19 
15 95 99 1106504640 26 10 26 33 35 13 18 29 1 39 6 20 2 17 24 12 31 19 32 9 38 37 22 7 21 8 11 
1
40 96 113 5622314688 24 6 37 12 28 36 33 29 31 11 18 21 15 39 23 20 19 32 4 5 35 10 1 16 30 
2
24 97 99 426698832 30 36 9 4 31 21 2 7 13 6 33 17 20 40 27 35 14 28 38 12 30 8 34 11 23 32 26 3 1 15 39 
38 97 105 3717741096 24 26 19 7 1 16 11 27 3 13 34 35 37 30 31 23 10 29 36 32 39 8 28 33 18 
2
8 98 114 1734931464 30 5 2 33 3 24 9 31 38 26 21 32 25 12 1 29 13 7 18 28 6 19 34 35 23 27 4 39 15 36 10 
18 98 107 1964594160 25 8 7 27 6 17 11 14 16 2 26 15 30 40 32 39 13 33 21 34 35 12 22 38 1 31 
2
30 99 100 1049264880 29 5 27 7 32 12 15 6 19 21 25 9 2 13 1 8 29 34 38 37 28 36 35 23 18 39 33 24 40 20 
17 99 114 2131063936 29 8 30 11 39 20 40 16 38 19 32 10 21 4 36 29 3 34 5 27 24 23 15 1 35 31 14 33 22 18 
1
18 100 107 663245888 26 26 5 6 27 39 33 2 28 22 7 16 1 20 23 8 17 37 32 9 29 35 40 11 14 38 19 
2
19 101 114 4459295344 29 2 22 33 15 39 29 28 37 6 1 9 7 20 14 13 16 32 30 12 34 36 27 26 10 21 38 17 4 24 
28 101 110 1135609600 27 36 12 22 31 4 1 37 40 23 24 5 32 10 18 3 6 13 30 17 7 15 26 33 38 9 19 16 
2
9 102 103 871295232 27 22 38 13 15 18 20 11 6 40 34 3 12 32 2 5 4 35 1 23 17 7 8 31 25 19 39 24 
26 102 105 829817824 26 21 36 20 1 22 28 6 33 35 16 34 38 9 15 25 32 29 8 3 13 7 17 19 31 5 18 
3
23 103 110 17301568 27 10 38 14 31 22 21 24 1 4 18 19 3 33 13 36 27 40 32 12 25 16 34 2 7 5 37 17 
10 103 109 382847080 29 21 23 2 3 1 38 28 17 15 32 6 24 11 22 31 14 29 12 34 4 36 16 37 27 33 19 18 13 20 
8 103 111 577940760 24 12 22 17 28 30 35 19 23 36 18 10 37 13 31 11 29 1 21 9 16 38 39 34 15 
4
4 104 114 1422011272 27 37 28 24 11 15 30 23 29 3 20 7 40 17 22 2 9 32 35 21 34 14 36 39 8 10 18 6 
35 104 116 1372082816 28 15 26 1 16 36 14 11 22 3 40 29 33 9 7 30 19 20 2 13 31 21 34 17 12 37 39 32 10 
27 104 106 1830258240 24 23 10 14 20 8 1 24 33 29 31 11 13 15 3 28 18 12 39 9 6 7 16 34 25 
4 104 108 112617560 27 32 28 37 10 29 22 34 26 12 30 27 18 39 35 25 36 15 13 38 23 16 1 19 17 8 5 20 
0
3
19 106 113 1309615744 28 6 36 29 24 33 16 7 31 5 20 10 18 34 25 1 3 40 14 23 21 13 22 4 28 39 27 11 32 
4 106 108 199981056 26 39 3 20 34 24 12 9 35 1 17 7 2 23 27 40 30 13 5 31 36 38 6 19 26 28 33 
12 106 108 40514760 26 32 18 21 15 24 38 3 36 39 35 26 14 22 34 8 40 23 9 4 1 31 19 11 6 17 16 
2
23 107 110 402423232 30 12 39 9 14 13 25 21 20 15 10 32 38 36 28 30 29 24 35 34 6 31 7 26 4 1 19 11 27 16 2 
40 107 114 2614057664 28 20 26 31 14 39 32 34 17 7 5 1 9 25 19 28 33 27 15 38 21 2 35 30 10 8 29 3 12 
1
25 108 109 63679104 30 23 22 39 35 6 16 30 15 1 2 21 31 13 12 4 18 24 17 38 37 11 3 28 36 9 29 7 26 34 33 
3
6 109 110 9191024 26 29 12 32 9 2 28 24 26 35 8 31 20 40 13 10 30 5 25 4 3 38 18 1 27 7 22 
34 109 118 1260418160 24 30 13 35 39 19 6 24 25 31 37 10 11 33 14 40 36 28 1 2 32 23 27 16 21 
28 109 121 569532496 26 24 31 34 6 10 38 30 26 37 18 1 17 12 13 32 5 11 8 29 20 22 35 39 19 33 9 
0
2
21 111 120 437370800 30 9 34 1 25 23 35 40 26 4 11 5 16 37 2 29 24 13 38 8 20 33 31 12 39 22 14 15 36 6 10 
4 111 119 2281344192 25 14 29 17 26 24 20 31 37 11 6 2 16 7 36 13 38 30 39 40 22 1 35 12 25 10 
4
8 112 120 391857912 25 26 31 20 16 1 40 15 34 10 3 27 35 12 6 21 32 7 11 18 17 28 22 33 5 39 
39 112 114 57803976 26 38 4 26 12 19 13 21 15 9 37 27 6 14 31 36 5 33 25 17 11 18 2 24 7 34 22 
28 112 125 680816752 26 14 9 6 10 3 31 40 27 12 5 21 29 15 8 26 17 13 34 16 18 24 20 7 30 35 25 
22 112 117 2288262480 24 37 31 19 26 7 29 32 13 21 33 24 17 4 40 25 8 16 12 6 10 28 14 9 3 
2
20 113 114 456539696 29 25 16 27 14 33 10 15 22 12 21 32 23 34 26 3 17 4 13 1 29 7 28 38 18 5 37 39 8 30 
20 113 114 16577408 25 3 1 34 25 24 39 12 23 26 19 8 33 5 9 13 22 29 40 14 17 35 7 37 28 10 
3
7 114 118 1996844440 27 24 32 13 27 1 17 30 26 25 4 28 38 8 35 10 2 22 34 21 6 19 20 39 15 12 14 18 
1 114 116 426415800 30 2 39 13 16 30 34 20 31 32 3 19 26 12 40 7 4 29 21 10 8 14 18 15 6 23 11 17 22 5 35 
40 114 122 360869472 27 36 24 31 22 33 21 32 39 26 16 38 13 19 35 23 20 17 37 14 34 12 18 5 2 28 4 3 
1
28 115 116 156680448 26 22 35 36 1 3 11 20 9 23 6 40 19 32 21 34 24 31 30 33 38 10 12 29 37 27 14 
1
23 116 123 577024512 29 16 38 30 26 21 15 34 32 33 8 12 7 14 36 20 6 2 3 10 4 25 22 11 39 24 31 5 18 28 
1
35 117 119 340713840 30 33 30 27 17 1 9 11 23 20 16 39 6 13 26 19 7 32 3 38 21 34 24 2 31 25 36 37 4 8 15 
2
11 118 119 5815920 28 5 25 13 9 1 20 35 21 31 4 34 6 29 2 18 24 3 26 37 23 17 32 22 15 36 8 30 16 
22 118 133 1375227904 28 4 39 9 29 40 15 38 27 25 34 17 18 13 28 2 24 1 6 36 37 10 16 20 5 19 3 8 11 
2
18 119 145 2991835224 30 35 31 14 7 10 6 27 5 2 8 24 38 11 15 26 25 13 3 12 34 36 19 40 20 29 33 22 39 21 4 
37 119 142 1339136448 27 13 9 6 19 17 28 36 7 38 2 30 27 20 35 31 26 32 15 40 22 8 34 4 21 29 5 23 
3
19 120 121 44829344 27 38 13 32 8 14 30 37 22 17 27 34 23 36 10 25 4 33 15 28 39 35 21 1 6 7 3 26 
11 120 123 14610144 30 5 4 27 26 37 38 1 22 15 8 2 25 3 19 13 29 31 30 21 23 12 18 17 33 20 6 28 39 7 35 
17 120 122 244014360 29 31 20 14 38 29 7 23 26 27 39 15 12 11 22 4 18 25 9 16 36 33 30 21 40 13 32 8 1 35 
3
14 121 124 401461600 27 16 22 38 40 12 9 31 19 35 30 33 21 17 29 26 37 1 5 11 10 7 2 28 3 6 4 24 
6 121 122 123246896 29 19 37 15 27 23 2 17 7 30 16 31 8 32 29 18 33 14 38 20 4 24 21 9 5 39 35 36 11 25 
30 121 123 733575792 28 40 1 25 35 10 14 32 21 18 27 31 36 17 15 23 26 13 20 16 5 8 37 7 29 9 39 24 2 
1
21 122 127 551713584 30 15 20 4 22 16 2 24 28 27 6 11 34 1 9 40 7 19 39 36 37 18 26 30 12 31 33 32 3 23 13 
3
8 123 126 363370464 26 22 33 2 31 37 6 4 21 34 3 11 9 27 28 39 23 29 30 35 5 36 40 38 12 13 19 
16 123 131 426842784 30 3 15 7 37 10 26 27 40 1 39 23 5 8 13 34 22 31 38 25 21 29 20 18 36 24 4 6 9 28 14 
24 123 126 155026272 25 9 16 29 22 31 15 2 7 10 20 30 33 26 3 18 17 19 36 4 14 11 38 13 12 8 
2
2 124 126 617145600 28 22 18 19 20 13 35 12 39 17 31 25 4 14 29 3 8 10 23 9 1 16 26 5 27 28 38 34 37 
36 124 125 169375376 27 26 10 33 13 27 3 40 30 6 21 17 20 15 32 28 31 14 4 38 9 2 35 18 23 29 19 39 
2
4 125 126 77582064 27 14 10 34 3 35 12 30 28 39 7 24 16 18 31 20 5 1 38 27 33 22 40 23 37 2 9 32 
27 125 146 5070116304 26 1 10 29 16 7 13 5 37 3 22 23 25 6 39 36 14 18 11 2 34 30 12 24 4 9 21 
2
38 126 128 354732264 28 10 21 9 28 22 29 5 17 25 7 34 40 30 1 4 11 35 14 33 31 6 39 8 24 26 19 20 3 
33 126 129 1309967200 25 40 11 14 28 6 31 9 25 10 24 36 21 18 27 38 39 4 17 15 3 32 19 29 30 16 
2
30 127 129 1018125768 26 24 10 39 8 13 29 11 16 31 34 6 28 19 5 36 18 7 17 22 38 37 9 20 32 23 35 
6 127 130 694098528 26 13 18 36 21 1 11 15 22 3 2 39 25 27 38 14 26 5 33 30 19 10 29 17 23 12 24 
2
36 128 129 381950096 26 20 21 26 4 37 13 27 22 14 38 6 2 28 8 19 17 29 16 31 32 23 5 39 34 12 40 
36 128 135 213453760 25 6 15 35 27 13 20 22 40 33 29 7 18 28 12 25 38 11 24 9 16 5 10 39 3 34 
0
2
26 130 131 397737648 30 15 18 23 28 24 13 36 31 3 22 5 7 12 1 19 20 30 6 38 9 35 27 10 8 2 25 4 29 33 16 
19 130 147 744444432 26 22 35 3 14 24 1 36 38 4 5 21 23 40 39 7 9 25 16 18 2 28 34 11 20 26 32 
2
18 131 132 240296960 27 9 25 29 12 28 21 16 32 27 38 26 39 22 3 19 23 15 33 10 37 4 2 20 30 7 8 1 
6 131 139 1209140496 30 21 40 31 13 15 26 20 38 23 3 28 11 24 8 37 10 14 33 34 39 16 12 35 2 30 25 5 27 18 36 
1
24 132 151 4876505600 24 37 7 3 33 13 21 18 17 35 25 27 19 26 29 11 9 30 31 38 15 14 1 22 12 
4
4 133 140 1834236096 25 9 20 6 34 35 31 21 36 12 26 30 29 10 40 2 8 37 27 22 18 16 25 23 19 13 
27 133 147 5713640280 29 5 20 9 10 37 7 24 33 16 34 19 17 4 22 3 28 6 1 29 13 30 40 2 26 32 15 38 39 35 
12 133 137 895781120 27 26 35 22 16 4 10 28 15 6 2 17 32 18 23 5 8 20 19 39 9 29 21 13 40 3 25 30 
18 133 134 586392880 26 8 6 13 4 12 30 38 14 39 31 7 25 20 37 32 17 15 33 27 28 11 26 10 21 1 5 
1
21 134 141 884521856 26 3 23 9 27 28 36 5 30 35 12 40 15 16 38 18 31 6 11 17 32 20 34 10 22 4 29 
1
29 135 138 2026150688 28 21 36 30 22 33 24 23 4 35 19 31 14 32 9 10 15 37 2 28 39 3 6 7 5 25 34 27 16 
4
22 136 138 706780896 24 6 23 3 11 16 13 8 26 31 32 28 30 4 17 29 5 15 40 10 24 18 39 1 9 
30 136 140 316801560 24 10 4 2 18 1 28 40 5 36 34 29 37 31 22 7 25 33 6 14 11 13 24 8 35 
21 136 140 613508120 25 7 12 8 28 11 37 4 17 32 33 20 14 23 22 40 9 25 26 1 38 2 5 35 30 3 
16 136 144 852240168 30 11 34 6 22 26 36 35 19 38 30 5 23 2 24 27 10 39 9 3 40 13 29 8 18 7 17 25 33 20 1 
1
16 137 146 2660041120 28 30 19 26 15 38 21 17 6 23 24 1 39 40 27 3 35 18 34 37 4 2 25 9 22 10 12 31 36 
2
37 138 148 575311088 30 15 6 38 9 33 23 5 17 28 24 8 18 26 29 39 20 14 12 30 13 4 25 27 2 19 21 22 34 10 3 
17 138 147 1099617440 29 37 7 34 23 9 15 38 26 29 21 40 30 32 2 10 8 24 31 16 22 39 25 3 5 12 14 11 33 1 
3
14 139 141 641788992 29 37 2 38 20 7 3 22 8 10 28 12 30 32 24 1 11 13 36 16 17 21 29 9 39 5 18 27 6 25 
30 139 153 8556504720 28 36 25 15 11 29 17 4 18 13 32 8 16 19 9 10 7 33 20 40 35 34 1 22 26 5 37 12 24 
20 139 140 64178128 27 18 1 13 2 36 9 38 31 10 21 25 29 32 22 8 40 14 15 28 37 17 23 39 33 24 19 30 
1
25 140 143 515037824 24 31 17 1 12 24 36 20 22 10 6 19 39 33 34 30 23 11 13 28 2 7 32 37 21 
3
33 141 156 1171152000 30 40 3 2 24 5 17 25 23 38 15 9 37 27 7 6 26 11 30 16 20 4 22 13 12 35 8 10 19 28 39 
10 141 167 2795560992 28 29 7 5 23 38 33 3 14 39 16 25 13 21 30 11 27 22 24 19 1 15 28 4 9 17 20 8 6 
39 141 143 80836440 29 1 24 21 37 34 23 7 14 36 16 6 33 17 27 18 2 31 29 28 32 22 12 26 25 8 38 9 11 4 
2
9 142 147 737790192 30 36 13 22 18 15 2 30 5 17 4 12 32 39 10 1 7 40 8 20 16 6 37 24 14 19 3 33 38 11 25 
15 142 145 1957390336 26 17 25 5 21 26 20 19 16 11 12 1 28 13 29 9 22 34 32 8 37 18 7 33 3 31 36 
3
21 143 147 574330680 26 32 10 33 30 12 6 4 5 26 28 22 13 25 17 3 2 18 37 19 14 35 24 15 1 40 29 
7 143 152 378048240 25 17 8 39 30 22 26 24 2 6 40 16 14 5 21 13 20 23 27 37 33 34 28 35 32 36 
40 143 157 1428765960 25 28 1 38 20 13 24 27 36 34 29 23 37 15 2 8 17 22 32 35 25 19 6 10 5 12 
2
14 144 148 667712040 26 22 31 9 40 3 7 25 16 12 37 4 19 33 5 8 28 11 24 34 27 32 29 17 15 2 18 
27 144 149 785636400 30 32 38 9 22 10 7 40 20 28 24 34 12 11 39 35 13 21 8 17 6 25 23 4 3 36 18 1 14 15 30 
3
28 145 150 516328752 25 26 20 22 34 12 9 4 6 35 32 19 7 14 40 37 27 11 33 3 36 10 17 39 31 23 
8 145 150 400282704 24 15 1 37 16 36 11 29 9 32 40 17 22 12 18 35 39 7 3 19 34 33 25 2 4 
24 145 148 630313152 30 2 16 32 36 9 39 31 15 26 22 12 28 38 8 17 10 29 13 18 5 25 6 20 23 3 19 34 30 37 14 
1
13 146 151 536276112 27 6 29 8 30 37 33 36 40 21 12 10 5 35 16 4 15 28 27 1 14 23 39 3 25 34 11 17 
3
20 147 153 1788898160 27 19 30 32 15 34 33 21 35 8 3 13 7 23 39 18 1 14 29 26 16 10 24 40 38 28 11 6 
34 147 159 190336640 27 28 39 1 2 6 27 13 20 11 5 8 19 14 18 32 22 26 21 33 35 9 16 12 15 25 24 7 
17 147 150 1064005664 26 35 38 2 7 13 33 26 5 23 37 36 20 39 1 12 31 40 9 11 4 8 32 28 29 18 22 
0
2
30 149 150 91354816 24 40 28 26 21 35 39 18 11 4 3 31 20 37 15 25 5 38 8 1 24 9 27 23 34 
30 149 150 83160080 29 24 37 2 23 12 36 6 15 28 21 8 18 4 35 10 40 27 16 14 1 17 33 29 19 26 32 38 34 31 
2
1 150 151 106703696 27 34 16 7 23 30 12 32 22 5 15 19 24 13 28 10 2 8 25 14 4 38 18 33 20 29 36 35 
27 150 162 126642048 26 31 35 16 29 14 26 28 4 30 3 34 11 8 15 22 24 36 5 13 39 1 20 40 9 10 6 
1
32 151 154 385003264 24 4 10 25 16 26 28 6 17 35 19 40 9 15 3 12 22 21 1 7 24 38 13 37 8 
1
37 152 153 43103664 30 15 29 17 25 33 10 34 9 38 30 8 22 7 6 32 24 11 27 31 39 13 26 28 18 14 36 16 23 1 20 
3
37 153 155 1162325688 28 14 6 21 4 36 29 23 15 40 8 1 26 22 27 2 31 11 28 30 20 33 9 32 34 16 13 12 19 
15 153 162 1452876000 26 7 24 34 14 21 30 25 35 1 27 36 17 4 13 40 5 10 3 18 6 20 16 9 11 12 23 
27 153 162 1083653040 29 23 18 6 16 9 38 24 3 40 20 12 32 21 10 22 5 8 37 25 34 31 26 13 2 1 17 15 35 11 
2
21 154 158 160672520 30 24 29 37 11 35 36 33 15 31 26 10 7 9 6 13 23 18 34 8 4 27 30 14 2 40 1 12 39 22 20 
18 154 155 173657104 30 21 27 24 13 16 25 20 9 36 32 40 10 37 12 29 8 19 5 22 3 33 4 17 7 23 38 39 28 30 15 
3
16 155 159 97938520 29 1 11 31 25 27 13 19 24 17 8 30 29 34 39 37 35 36 10 38 9 28 2 12 7 5 4 3 26 23 
33 155 156 1294554736 29 32 15 29 30 2 20 38 13 39 17 28 35 11 6 10 19 22 26 31 27 18 36 16 12 5 21 34 14 24 
12 155 169 5519603280 30 3 11 6 23 18 28 16 32 9 33 1 8 37 7 24 10 36 26 39 35 22 19 17 2 34 40 21 30 15 31 
1
24 156 157 147014032 28 26 27 3 34 38 11 37 9 6 14 20 12 29 35 30 25 19 17 16 4 33 31 18 15 23 5 36 32 
3
2 157 164 1342952384 26 30 5 39 22 13 3 6 37 33 11 27 29 28 16 14 31 10 23 17 24 32 4 38 9 25 15 
36 157 161 822793840 24 21 34 32 14 35 30 2 24 22 38 27 1 39 20 26 4 10 3 5 19 40 28 8 9 
5 157 166 498306000 29 23 26 21 9 20 10 12 29 3 6 34 24 39 32 4 28 11 8 30 14 19 38 35 2 25 17 1 40 13 
0
3
26 159 160 162543456 29 34 2 15 21 33 30 39 1 24 10 13 40 31 28 8 16 3 18 23 6 20 11 27 37 29 19 35 7 9 
16 159 160 528905696 30 3 20 19 18 2 7 21 9 37 25 33 11 23 26 38 27 24 35 39 31 29 14 13 28 10 36 17 5 15 22 
6 159 168 628609920 29 20 40 31 33 23 32 8 19 17 15 5 14 38 29 2 27 36 18 3 7 9 24 34 4 21 39 25 26 37 
2
33 160 171 978313248 29 25 2 14 16 38 17 6 3 20 10 1 19 5 30 4 22 13 11 9 23 35 31 32 36 7 8 34 37 21 
12 160 172 5299847904 26 25 22 34 16 19 2 4 23 36 9 7 27 32 18 33 8 10 37 21 24 17 6 11 5 26 38 
4
11 161 169 951209280 24 1 26 29 8 2 36 40 31 6 4 39 21 20 33 17 25 15 38 12 34 9 7 23 22 
17 161 167 2096294760 26 23 32 38 20 8 18 21 31 22 7 15 1 36 27 4 37 9 19 28 16 5 34 6 25 14 35 
16 161 166 833484384 28 35 25 2 22 39 37 38 13 30 12 7 8 24 1 40 3 17 5 10 11 9 26 32 15 20 4 21 19 
11 161 167 1700847008 25 12 24 21 2 22 28 3 9 16 36 29 26 4 7 13 32 10 19 1 25 40 37 17 20 5 
2
20 162 175 671147008 26 28 10 15 8 33 17 7 6 37 39 14 31 34 22 13 23 21 1 19 3 5 2 29 4 12 11 
32 162 169 3412185280 28 19 1 14 9 6 34 22 40 38 15 8 7 27 36 39 10 31 2 24 33 16 18 28 3 30 29 4 23 
1
9 163 165 115418136 26 7 21 40 6 32 4 37 10 26 36 17 14 31 2 33 19 22 35 18 8 29 3 28 12 38 20 
4
7 164 168 184578480 30 28 21 31 11 10 29 9 38 34 17 32 26 39 3 27 12 33 13 40 18 23 16 1 6 36 15 8 35 22 5 
22 164 167 365793056 26 9 29 36 21 25 3 34 30 12 40 8 39 15 5 28 11 1 26 37 4 20 33 35 17 2 38 
15 164 170 199533936 28 8 19 12 36 32 25 10 31 40 5 37 21 3 33 2 16 34 26 23 7 22 39 9 30 13 24 35 14 
1 164 168 362610640 30 24 7 26 36 14 22 38 5 28 30 16 23 21 12 31 3 17 10 11 32 4 19 20 33 6 34 25 27 15 40 
0
4
9 166 169 697945312 29 19 12 40 13 23 16 32 36 26 30 39 27 34 28 17 25 20 31 24 22 29 7 37 35 21 4 14 3 6 
9 166 185 9997881280 30 12 22 20 2 7 31 24 17 1 25 23 27 15 18 35 30 6 40 11 39 13 34 21 32 28 26 37 4 10 36 
4 166 171 1216863216 25 35 7 32 1 16 25 3 5 40 9 22 8 28 2 34 11 15 13 29 30 24 6 31 21 17 
14 166 190 810862200 27 34 12 6 21 23 10 16 17 39 31 15 25 18 4 1 2 36 19 24 38 9 3 32 35 26 40 5 
1
27 167 177 773127168 29 19 5 3 2 21 22 30 26 33 35 7 40 32 25 17 12 4 9 31 24 29 37 14 34 28 39 36 11 15 
1
10 168 170 20656032 24 32 8 21 38 16 39 13 28 1 7 9 12 25 29 31 15 6 4 19 5 18 35 17 40 
3
5 169 170 87030944 26 17 31 33 7 14 8 21 24 6 25 36 30 2 12 27 35 32 16 9 19 11 34 37 18 23 39 
15 169 173 170414160 28 14 18 5 26 31 38 39 17 35 19 9 23 20 6 29 10 36 16 13 22 7 24 30 28 12 2 40 21 
21 169 180 505761312 28 26 36 28 14 33 30 5 29 4 40 8 20 27 23 34 2 9 25 13 39 37 1 31 3 22 15 16 6 
2
3 170 176 817159280 30 38 40 27 35 2 1 39 37 18 15 28 5 6 30 29 13 17 12 7 4 26 34 20 14 24 36 25 11 9 22 
16 170 172 1357238664 25 36 24 20 3 17 30 39 10 7 21 6 32 40 23 8 1 28 26 22 15 14 38 19 2 33 
2
13 171 177 908292784 25 30 38 35 18 37 14 39 34 26 32 12 31 3 23 24 33 7 20 9 36 10 5 27 4 11 
31 171 175 874471520 24 3 39 5 12 11 27 23 29 26 15 25 20 40 6 19 4 16 22 8 28 38 30 33 18 
1
6 172 176 2168107040 28 4 5 13 21 22 37 34 27 14 15 23 20 31 33 10 17 40 39 29 7 35 2 18 32 25 12 16 8 
2
25 173 184 2128908960 30 27 23 29 35 26 14 21 20 36 3 7 33 2 4 5 19 13 22 32 15 12 39 8 11 37 40 31 10 28 34 
38 173 210 2808519200 30 34 22 15 8 2 6 5 40 16 31 9 29 24 12 36 1 3 39 27 11 32 14 23 19 20 26 21 7 37 33 
1
34 174 179 84187584 29 33 13 8 16 2 25 37 26 9 23 38 11 17 12 6 4 14 27 39 15 20 5 31 3 35 32 22 36 1 
2
4 175 176 785049632 25 2 7 16 1 21 18 40 36 11 31 13 12 33 3 5 15 38 6 8 14 35 9 28 23 26 
27 175 176 81879744 26 15 10 23 11 9 29 38 7 21 30 36 1 16 40 4 28 39 2 5 25 20 13 32 33 8 35 
2
11 176 180 302615960 29 16 24 14 40 1 21 12 15 6 7 31 13 3 2 38 17 36 9 30 19 25 34 10 22 37 29 4 26 39 
18 176 177 507310128 30 28 16 37 27 34 10 26 6 11 7 8 1 23 20 17 35 31 21 9 32 3 30 24 29 36 2 38 13 25 12 
3
7 177 188 672612768 29 32 26 14 23 3 4 24 5 33 34 1 21 6 16 27 39 12 40 9 19 37 8 28 18 10 25 15 31 11 
1 177 184 159099840 29 22 31 17 11 18 7 34 12 5 6 2 15 38 36 32 21 33 30 25 14 40 23 3 27 37 10 24 16 20 
8 177 179 15127848 25 26 21 36 25 15 37 6 27 40 5 4 19 7 18 20 12 22 29 16 17 3 13 10 30 11 
0
2
24 179 187 765116280 27 15 39 16 23 37 31 33 38 1 22 14 30 7 6 32 3 26 35 12 10 25 17 11 34 21 19 9 
7 179 185 460876136 25 23 21 13 32 36 26 2 12 37 22 19 25 10 31 11 30 20 27 3 14 5 39 35 9 8 
1
33 180 187 1783640960 25 24 30 21 36 6 2 18 40 8 13 12 14 1 26 9 19 34 10 17 20 22 4 37 25 11 
3
6 181 184 1417741280 27 34 37 31 25 18 17 11 40 29 30 33 35 24 16 39 21 7 1 15 8 13 28 27 20 26 2 10 
22 181 183 351511680 29 18 39 25 14 6 32 38 31 19 30 11 9 17 35 5 36 20 3 34 12 15 29 7 37 13 26 24 4 27 
24 181 187 356605088 26 10 3 22 39 21 34 40 29 25 1 38 6 2 9 16 32 28 18 7 13 20 17 27 23 37 8 
2
6 182 189 506883136 26 35 13 38 27 29 37 23 26 15 22 39 8 12 2 18 34 3 31 33 19 11 25 4 1 9 7 
9 182 185 253254912 27 10 12 29 1 36 39 32 28 11 31 17 38 22 13 3 24 21 34 6 25 18 7 37 30 8 5 26 
3
33 183 184 17166848 26 23 14 19 6 30 20 36 27 34 28 24 4 29 8 31 18 11 25 37 10 5 12 22 2 1 35 
3 183 186 356716064 30 33 13 31 20 34 19 4 5 11 39 8 21 18 36 1 25 10 32 30 6 29 22 35 9 38 15 27 7 24 2 
14 183 186 52947392 26 4 26 35 38 31 17 24 15 13 40 18 33 29 21 11 12 28 7 27 5 10 22 19 3 34 37 
2
28 184 187 91323776 24 16 31 37 24 1 32 21 9 26 2 4 25 40 8 33 11 27 12 13 14 18 38 29 17 
34 184 192 1010624976 26 23 26 28 25 4 8 30 11 35 7 6 40 29 24 37 18 27 20 36 12 2 32 13 17 5 38 
2
31 185 192 2017569024 29 28 33 39 17 1 4 30 34 13 25 3 8 5 12 2 27 22 37 10 21 19 15 29 18 35 24 11 26 32 
13 185 186 814746000 27 38 4 34 24 6 20 30 33 12 17 1 5 10 35 27 21 36 39 3 40 18 14 16 31 37 23 9 
2
12 186 191 586460784 30 15 32 2 26 24 18 22 35 39 11 31 6 30 13 8 19 28 21 27 17 5 20 1 40 3 29 33 37 38 23 
1 186 196 402473368 28 6 32 11 4 37 23 24 3 10 15 5 19 8 29 14 17 27 28 16 35 33 21 12 40 38 2 34 22 
5
24 187 190 1509868512 29 12 3 29 16 6 14 34 15 5 31 25 2 35 28 20 8 30 9 19 27 7 4 17 23 13 36 26 33 22 
1 187 189 1292392176 28 30 8 12 31 4 7 13 19 34 3 14 16 10 9 27 36 15 2 39 22 32 6 33 11 18 37 20 29 
1 187 192 231014112 26 4 31 16 20 2 12 34 11 6 28 23 33 29 18 3 22 27 10 17 15 37 35 32 13 25 40 
35 187 188 139280192 28 1 8 30 6 36 17 20 33 5 25 2 19 22 4 10 31 26 9 24 18 32 28 3 13 37 39 11 34 
21 187 188 224321056 30 2 26 32 28 20 33 30 17 23 34 1 24 13 22 36 7 6 35 12 14 4 8 27 11 39 40 25 37 18 5 
3
34 188 195 2200112704 24 2 4 32 40 8 15 22 18 29 25 26 3 21 38 28 11 17 5 39 1 16 23 24 14 
27 188 192 1298663360 28 23 35 11 4 33 2 20 39 15 37 36 14 29 21 6 17 24 13 8 38 34 32 40 7 18 26 31 30 
13 188 200 3687822944 26 18 1 31 24 17 14 27 34 10 15 19 29 5 9 32 30 2 33 38 16 35 6 22 7 28 37 
1
13 189 209 1803889416 28 4 1 33 14 31 38 40 29 27 7 23 30 26 24 35 21 10 9 39 25 18 34 17 6 3 19 36 37 
1
5 190 194 389104760 30 37 13 30 8 7 2 3 40 33 6 34 4 27 23 20 28 14 21 22 10 16 12 25 38 19 31 9 29 26 1 
2
18 191 192 120279472 26 17 33 35 26 31 25 8 39 36 15 23 40 5 9 14 20 21 27 38 29 16 6 32 2 30 19 
18 191 194 201094752 26 39 32 35 24 40 36 29 38 19 31 23 13 11 16 2 4 10 21 15 30 17 33 25 27 8 5 
2
16 192 202 726856768 27 38 28 23 5 36 35 37 31 8 7 29 33 19 9 13 25 18 4 6 1 15 22 10 3 34 32 30 
10 192 193 4899664 27 4 1 3 9 31 2 8 15 18 36 35 38 22 19 20 40 6 14 7 34 33 26 29 11 23 30 25 
1
40 193 205 1773252520 25 31 17 8 21 10 16 5 4 18 27 33 23 36 30 19 9 20 7 29 12 6 13 28 26 38 
3
33 194 200 1421654360 24 30 2 31 19 21 5 25 15 38 13 26 29 11 9 22 28 4 8 10 20 14 17 18 1 
23 194 199 97457040 26 13 15 33 10 6 2 9 3 32 27 18 20 28 30 8 22 19 5 17 36 39 7 21 25 38 35 
5 194 195 216108160 24 30 36 2 4 23 1 33 11 32 6 3 34 7 25 26 27 10 20 17 22 28 12 14 13 
2
36 195 197 262487952 29 30 3 32 17 14 35 2 23 29 21 34 11 19 39 5 7 26 10 28 8 16 24 20 38 6 37 15 33 13 
23 195 196 7090144 27 31 20 36 35 9 1 7 5 33 22 38 8 21 10 11 37 25 34 17 18 28 26 6 3 14 12 15 
1
6 196 200 3770526800 25 32 14 19 16 36 37 10 12 33 9 29 17 5 18 4 34 27 13 15 3 7 2 35 11 30 
4
23 197 200 1414736960 27 16 35 6 39 19 30 5 8 3 31 1 36 28 20 7 4 12 11 25 15 21 24 34 22 26 18 38 
12 197 201 19473960 30 3 2 23 1 17 33 4 36 35 28 14 27 21 40 29 24 22 26 15 16 19 39 25 8 10 37 30 20 18 34 
6 197 201 120314160 29 33 39 23 18 40 1 22 21 13 16 34 31 36 37 9 24 14 38 3 32 11 10 8 19 28 15 2 26 12 
20 197 203 379950536 25 7 2 30 14 4 17 40 23 38 34 6 29 24 1 37 13 39 18 31 26 5 36 22 19 11 
0
3
9 199 203 731026840 24 38 39 32 21 18 16 24 11 28 14 8 7 34 33 4 5 15 30 27 6 37 19 12 25 
12 199 200 66035744 26 28 24 25 16 18 20 31 34 23 17 36 15 22 6 40 35 5 9 8 29 11 7 33 13 10 26 
19 199 217 872402784 29 6 31 18 14 22 4 23 32 39 25 36 28 8 37 3 35 34 12 24 11 26 10 13 2 17 16 38 27 9 
3
33 200 206 1540932960 25 19 17 23 3 2 16 5 6 35 39 38 21 4 10 11 13 26 8 12 15 18 20 7 31 32 
16 200 205 2103176400 28 13 4 21 24 32 35 34 14 30 40 26 12 2 17 19 23 9 29 1 5 25 10 3 18 22 20 7 31 
39 200 202 633289176 28 35 24 31 26 33 32 36 8 28 4 14 29 40 13 38 34 2 5 3 16 37 18 19 25 11 22 21 12 
1
27 201 212 3355064256 25 23 10 1 5 13 32 17 20 9 36 29 19 35 22 18 33 24 11 8 14 38 28 30 26 7 
2
7 202 204 80541192 26 19 16 22 23 29 9 13 40 32 26 1 27 38 34 18 3 37 2 21 10 17 24 30 31 14 6 
12 202 214 4331557880 26 18 17 5 21 11 16 37 3 33 31 10 39 28 19 40 4 26 32 36 6 38 14 20 7 24 27 
3
20 203 205 941408976 30 40 14 17 7 13 26 37 10 36 4 29 6 3 21 2 19 35 24 25 33 11 27 30 39 38 16 23 32 9 22 
27 203 205 904086768 24 13 22 20 23 9 17 5 2 32 28 38 10 21 3 34 1 15 11 29 19 18 25 24 4 
12 203 206 382625888 24 6 5 14 39 8 30 3 35 21 2 1 33 26 11 37 29 24 34 17 25 15 18 23 36 
2
34 204 205 9002048 26 11 16 27 7 8 23 33 21 29 38 3 32 2 13 24 22 1 26 36 40 37 15 18 25 9 6 
6 204 208 606785800 30 15 28 11 29 18 5 34 8 19 40 25 31 32 21 35 24 36 33 4 10 12 23 2 26 27 9 38 17 30 14 
0
2
9 206 210 1160933480 24 17 8 10 30 24 29 7 2 40 39 26 25 33 27 36 16 22 28 13 1 20 15 37 38 
19 206 209 754319584 26 5 4 8 24 2 27 30 3 15 38 10 29 25 17 16 26 12 20 39 28 36 6 40 33 9 32 
1
37 207 208 107813520 25 40 16 24 30 33 31 17 21 39 15 36 2 19 13 12 11 7 27 14 35 32 23 3 5 25 
2
36 208 216 543897216 27 13 20 12 34 2 3 18 22 26 10 25 21 19 1 37 24 30 35 8 23 9 33 6 17 4 38 40 
10 208 217 1019860960 26 16 23 33 6 1 24 18 38 13 9 36 39 21 27 7 26 37 15 11 12 4 25 14 34 19 17 
4
1 209 210 122714992 26 26 32 11 20 37 22 39 38 36 30 10 35 18 5 3 8 15 27 21 33 17 16 23 25 14 19 
40 209 226 1428579936 30 1 25 11 24 36 15 14 21 19 33 9 18 6 37 17 13 5 39 32 38 34 28 4 30 35 23 29 31 3 12 
23 209 213 214006760 26 39 16 33 35 32 18 24 10 19 36 22 12 15 27 4 38 6 26 9 17 3 14 25 40 13 5 
34 209 218 3027587680 26 19 7 8 35 11 3 28 15 36 37 31 6 32 25 30 40 5 38 4 27 14 26 1 22 9 18 
3
17 210 214 534550920 29 15 1 23 29 40 4 14 37 35 11 25 33 24 34 31 9 19 6 3 8 2 36 16 10 21 5 12 27 26 
31 210 217 160243776 30 19 3 30 5 25 22 9 12 1 29 17 7 18 16 21 23 10 40 14 11 27 24 6 35 32 8 39 26 15 28 
35 210 217 3689792 28 11 12 2 7 17 24 18 27 25 31 30 33 23 20 19 5 26 1 4 37 29 39 15 40 13 22 21 32 
2
18 211 227 184298632 25 40 11 14 15 10 32 22 19 24 26 36 34 27 4 9 33 6 25 35 16 7 20 21 39 31 
14 211 212 362707264 24 24 19 35 1 10 5 11 21 28 33 9 6 7 2 20 32 31 3 22 37 18 38 15 40 
2
36 212 214 212507304 26 19 22 12 13 39 31 4 26 21 35 3 7 5 27 14 24 20 17 38 18 33 32 11 1 2 9 
27 212 224 2019687384 30 16 1 3 17 7 32 14 22 31 4 33 37 30 34 18 15 12 25 29 36 9 6 40 19 28 13 21 2 38 8 
2
37 213 216 501911616 24 4 32 33 21 30 24 16 7 6 18 20 9 15 13 2 25 28 31 29 36 14 12 22 5 
36 213 217 729262440 28 38 31 2 23 6 12 14 13 17 4 29 7 25 26 34 18 15 19 24 27 39 32 37 11 40 22 16 35 
1
5 214 215 176027552 25 17 6 8 16 39 20 11 31 2 7 36 18 12 22 38 13 23 35 4 29 1 3 28 19 40 
1
26 215 217 1892529672 26 32 35 40 14 3 36 22 21 4 2 13 11 27 33 25 30 6 34 20 29 28 9 31 38 23 10 
4
18 216 237 741702016 26 39 3 30 17 4 7 25 8 40 23 32 6 26 10 14 28 36 33 24 11 13 31 35 9 12 1 
1 216 229 2118904144 30 12 13 10 25 29 14 5 30 18 37 33 38 7 34 40 22 24 19 11 8 36 28 35 32 4 27 21 20 16 15 
26 216 224 1746936360 25 27 40 19 25 13 31 24 5 20 10 9 33 23 14 22 17 15 29 18 37 2 12 4 28 16 
21 216 231 4245341696 27 19 4 15 16 9 40 35 34 26 23 29 10 12 24 13 39 38 14 1 37 17 5 32 30 28 36 22 
1
31 217 220 3494076256 27 29 30 26 16 23 4 36 11 1 33 13 22 8 18 15 7 19 25 2 27 20 38 28 40 24 5 39 
1
28 218 228 1197385816 30 16 32 12 3 1 30 5 2 19 25 33 35 34 36 23 11 29 37 26 22 27 6 14 31 9 39 18 38 15 4 
2
30 219 229 61903600 24 11 26 2 27 24 33 35 1 10 36 39 28 22 23 40 20 17 7 29 5 19 4 12 21 
12 219 227 1769678424 27 33 24 9 29 40 23 6 4 39 26 27 32 15 13 18 2 25 17 5 7 16 30 37 34 31 8 20 
0
5
9 221 224 3381318016 29 16 15 3 37 26 22 14 34 11 31 30 7 10 25 38 17 27 20 29 35 19 13 23 1 8 2 6 39 5 
22 221 229 2729776968 24 37 1 29 15 31 4 36 33 38 35 30 5 6 27 25 34 24 20 14 18 23 8 16 13 
3 221 232 2747155392 27 7 24 17 21 12 33 27 19 35 38 26 32 22 25 9 6 2 34 14 4 10 16 23 30 20 1 39 
4 221 230 239694560 27 33 21 8 17 12 25 23 30 39 10 20 5 16 14 1 37 18 28 3 11 29 22 19 31 35 40 34 
29 221 222 306761168 27 25 20 36 5 32 1 11 24 34 37 35 3 39 33 4 16 38 31 6 22 30 8 13 18 10 27 19 
0
1
20 223 227 318599680 24 10 38 24 29 1 37 19 8 30 39 7 12 5 6 36 35 27 31 13 26 40 3 16 14 
1
15 224 229 399584208 30 11 29 22 13 30 6 12 32 16 9 40 14 7 24 5 23 35 17 10 8 4 34 26 33 2 20 1 21 39 19 
4
21 225 231 72175768 25 40 5 27 3 37 7 28 15 20 32 36 29 35 1 4 31 26 8 34 19 24 39 30 12 6 
28 225 226 389943584 27 33 13 12 5 15 35 7 6 20 10 4 2 9 34 39 29 24 40 17 26 31 8 1 22 32 27 36 
20 225 231 1941087960 30 15 25 14 7 32 18 2 5 39 8 11 4 40 12 3 24 1 35 13 29 30 31 36 6 26 22 9 33 27 10 
39 225 227 495580128 30 23 37 2 14 5 18 33 9 12 26 22 24 19 34 7 36 8 17 1 15 4 3 28 29 27 6 38 32 13 11 
3
27 226 227 44439136 26 31 8 14 10 17 26 21 23 6 40 30 19 3 28 1 33 24 9 5 16 36 38 39 32 18 22 
1 226 229 625914240 25 37 14 35 3 9 18 10 36 23 30 33 4 21 32 22 28 39 13 26 6 12 15 27 24 34 
23 226 231 722699376 29 37 21 31 4 9 18 14 20 2 22 25 12 13 1 29 24 39 3 10 34 40 8 38 7 28 17 26 6 35 
1
31 227 230 839159552 25 38 13 1 17 3 28 36 33 25 5 2 22 20 19 9 24 12 27 30 40 10 37 29 32 6 
1
29 228 229 865730624 24 10 24 14 21 23 4 12 39 37 26 17 36 27 25 19 9 11 38 7 34 32 3 13 35 
4
19 229 234 2006390064 25 40 27 33 23 34 24 37 9 6 8 18 22 10 11 26 16 12 13 29 28 25 17 30 1 4 
30 229 232 53269856 29 24 22 39 27 15 9 10 40 36 29 5 18 16 25 38 13 26 32 35 1 34 8 11 14 37 21 23 28 6 
19 229 233 1605770680 27 23 30 7 40 24 37 13 20 6 17 38 18 27 29 34 28 31 14 8 4 22 25 32 39 35 33 10 
30 229 238 1053553760 24 9 36 19 37 13 1 12 11 33 38 18 32 34 22 25 3 39 28 27 40 16 4 21 10 
1
32 230 231 966863024 27 3 19 1 35 4 25 22 33 10 15 26 12 18 39 37 2 23 31 34 11 21 16 13 6 29 30 14 
3
7 231 235 39185520 27 14 23 8 32 12 26 9 28 21 5 13 3 27 37 34 33 15 38 10 16 11 35 19 6 17 40 25 
23 231 233 693240816 29 4 20 17 1 11 27 9 10 21 37 28 32 8 33 6 22 19 36 3 29 40 39 14 31 25 38 5 18 2 
13 231 237 2384522168 30 7 35 17 5 40 33 36 31 30 27 26 21 39 3 2 19 1 32 25 8 15 22 37 38 9 12 14 23 11 4 
1
7 232 233 59403344 28 10 36 33 5 8 20 2 28 13 18 15 12 3 30 19 37 21 14 32 27 38 25 23 34 29 11 39 22 
3
15 233 241 681604344 27 8 34 27 35 36 16 1 18 38 26 25 24 11 14 3 10 23 31 30 5 4 32 17 20 13 37 28 
9 233 242 335827760 24 4 24 5 34 37 6 38 27 19 7 40 29 33 12 2 20 13 28 16 22 14 35 3 8 
25 233 249 838208936 27 20 37 29 12 15 13 7 36 17 11 10 21 33 9 27 35 8 2 24 39 40 19 26 22 18 4 30 
3
8 234 241 325945024 29 25 1 32 29 11 30 36 38 3 6 34 5 4 33 12 14 19 28 31 40 20 16 9 17 2 26 7 21 18 
40 234 242 172774728 29 12 8 9 2 6 27 19 1 17 26 13 20 21 37 32 10 7 5 39 25 18 22 11 3 29 24 16 4 33 
20 234 237 147408608 26 12 11 40 15 26 32 38 24 31 7 3 34 36 33 27 16 28 14 10 39 22 37 21 5 35 23 
1
38 235 243 4435747272 29 35 13 2 10 16 27 26 31 1 23 3 36 18 25 34 40 11 4 30 20 37 15 7 12 19 5 33 29 8 
2
36 236 237 100452320 28 19 9 7 28 23 18 20 24 8 15 40 26 34 39 2 6 14 16 1 29 37 10 32 11 38 21 5 12 
39 236 241 1770322752 27 9 40 7 3 6 34 2 20 14 4 26 18 35 5 28 1 16 29 27 12 36 33 21 24 25 30 8 
3
12 237 243 11326000 25 1 3 18 36 34 33 29 28 39 7 6 23 4 25 16 20 10 37 30 2 8 31 32 13 22 
37 237 239 985199544 29 25 20 13 8 6 35 19 29 31 38 16 40 18 22 11 17 4 34 12 23 10 1 28 32 21 14 7 24 9 
5 237 239 327043248 29 33 22 40 10 37 24 14 35 39 6 2 28 36 11 27 19 12 9 16 15 32 20 8 1 21 25 18 13 7 
3
29 238 245 21301760 30 33 25 5 17 6 3 36 10 18 9 19 28 7 4 2 30 39 24 16 13 38 11 31 8 23 34 14 22 20 12 
30 238 239 6750608 25 36 18 13 8 32 10 2 28 39 15 24 37 6 33 5 1 4 21 22 38 12 27 14 9 25 
6 238 260 2220836392 27 14 5 29 34 33 7 38 27 31 24 21 23 39 17 40 37 32 16 1 30 25 11 28 15 26 13 19 
0
2
14 240 248 47328912 29 33 7 10 3 19 6 9 13 35 29 22 12 25 15 24 11 40 36 34 1 17 20 37 38 8 27 30 39 5 
10 240 243 34999328 28 22 21 8 30 18 15 35 38 13 39 14 1 5 19 6 32 4 28 40 27 11 25 36 33 23 29 26 20 
5
32 241 242 612958992 30 15 17 29 16 33 28 5 14 21 19 9 10 37 27 26 36 11 7 30 22 31 8 4 12 20 2 18 38 24 35 
12 241 246 115912272 25 38 2 33 26 19 40 11 29 27 16 36 3 31 37 9 32 8 22 34 14 30 1 5 28 25 
8 241 254 86835840 28 24 22 3 17 26 4 29 13 18 39 1 32 37 40 20 11 23 27 2 38 30 5 16 6 9 35 10 33 
2 241 242 878648576 29 35 32 31 15 27 9 20 34 4 13 7 25 36 38 6 28 39 22 10 33 23 19 16 14 21 8 18 12 3 
28 241 245 196820720 25 9 19 40 21 32 15 3 22 35 39 18 12 4 37 36 34 30 13 33 16 2 27 23 10 24 
0
3
4 243 247 24349120 24 16 30 11 25 31 2 27 14 6 28 40 32 34 26 12 3 33 29 35 21 17 23 22 1 
30 243 256 1489620048 25 19 36 39 5 24 33 15 27 35 28 11 23 26 37 25 8 16 32 38 40 34 14 4 18 9 
4 243 244 156657776 27 25 34 2 9 3 27 18 33 11 40 23 6 38 19 28 14 31 8 30 20 17 15 16 12 22 13 24 
1
37 244 248 1823936160 28 17 22 40 39 20 23 31 24 26 29 1 12 21 13 11 15 35 19 3 6 34 4 18 7 2 28 32 30 
1
28 245 252 768969216 25 12 36 19 16 29 1 7 39 2 37 32 14 8 10 5 9 31 35 22 6 33 23 17 24 26 
2
26 246 255 2880739840 26 10 14 36 5 31 4 6 9 40 22 27 34 16 32 3 30 2 24 21 23 38 18 1 37 20 35 
14 246 258 158918136 29 5 23 39 15 32 17 26 40 35 2 34 11 22 4 28 30 10 33 7 37 9 25 36 6 24 3 18 38 12 
4
22 247 268 1901554512 25 12 38 27 8 11 5 9 23 17 28 31 13 19 20 39 37 1 35 10 2 25 26 21 34 36 
20 247 249 1552937904 25 9 6 28 3 16 21 30 23 26 36 8 33 4 1 40 35 18 7 11 29 10 38 19 24 17 
29 247 249 42675672 26 26 39 3 8 7 20 15 28 18 1 14 22 21 37 4 11 24 9 23 40 6 12 19 36 17 5 
11 247 249 143104032 27 21 3 33 9 17 12 37 24 35 30 32 28 25 20 6 23 40 7 31 27 29 18 22 16 10 26 1 
3
4 248 249 199088288 25 31 2 37 11 25 40 14 21 6 16 1 27 18 23 35 32 26 9 20 17 12 33 13 19 36 
37 248 253 254198496 25 7 9 18 32 8 17 26 1 19 30 10 3 31 4 24 15 13 6 5 11 2 28 20 25 21 
28 248 249 114521328 30 20 21 33 14 30 18 1 27 16 6 3 10 11 15 38 34 36 19 12 17 4 26 22 9 5 35 32 39 8 31 
1
39 249 251 54766008 25 9 40 38 6 20 19 3 11 34 7 1 8 5 32 18 14 2 23 13 22 33 31 17 21 26 
1
37 250 267 3452380416 25 1 13 5 7 3 31 14 32 22 28 40 39 10 6 23 18 12 25 36 4 16 26 20 34 33 
0
3
21 252 275 7225307328 29 24 8 3 1 2 4 29 9 15 22 28 25 18 35 33 14 31 38 26 20 5 32 37 11 7 16 10 13 12 
38 252 275 1126716864 25 31 10 26 24 18 12 5 11 39 16 6 14 21 34 4 29 30 9 8 17 23 1 2 13 36 
27 252 254 108224880 28 23 14 25 36 24 35 10 21 28 3 12 4 18 13 30 1 17 37 5 2 33 7 19 40 26 20 34 9 
2
25 253 255 219078048 26 1 11 27 24 4 21 8 7 37 22 19 28 30 2 38 9 13 36 6 31 15 10 32 39 20 3 
19 253 256 87129696 25 4 7 38 8 14 21 16 36 24 12 9 28 27 33 13 31 29 11 18 25 1 30 40 23 2 
2
19 254 260 3118803744 30 34 39 20 11 23 3 1 17 8 36 6 18 2 40 33 15 21 7 14 35 30 9 22 28 26 29 38 24 13 5 
15 254 258 293262800 27 14 6 25 20 39 8 16 28 10 11 37 35 34 21 40 29 36 19 2 3 1 24 27 17 33 22 32 
2
31 255 273 4664666288 25 34 39 38 3 21 20 5 14 25 29 10 4 22 11 1 35 30 27 18 6 37 32 23 28 24 
27 255 265 336112832 25 39 4 18 32 6 9 29 34 25 17 1 8 13 23 31 37 3 40 14 28 5 7 12 2 26 
1
35 256 271 1329226240 30 23 20 5 18 14 6 19 30 24 11 25 3 21 26 29 16 2 40 33 13 15 10 39 37 9 36 12 22 27 8 
3
19 257 267 1545440072 24 31 3 39 30 10 25 38 17 14 13 32 12 26 35 33 34 18 22 9 11 21 24 40 29 
32 257 258 224059392 28 11 21 1 28 24 7 2 37 31 34 33 27 23 16 6 9 39 29 36 3 38 15 5 35 10 40 14 26 
9 257 263 1072257144 30 22 24 7 17 26 10 12 13 16 20 21 36 1 29 18 27 23 39 32 30 3 19 4 11 8 5 35 40 38 33 
0
2
39 259 262 500941664 29 16 40 26 21 23 13 11 8 7 27 17 38 31 32 12 33 36 14 34 30 4 9 10 37 1 18 20 35 28 
25 259 262 192760640 25 15 7 4 30 20 34 9 11 31 28 33 27 40 14 32 37 16 8 5 2 21 38 3 22 36 
3
15 260 262 1711064472 24 22 18 8 23 12 30 13 34 24 37 6 39 20 27 31 38 14 16 19 33 29 5 32 4 
39 260 265 1349707776 29 34 10 16 11 2 14 12 32 18 31 23 13 20 25 36 21 9 40 19 4 33 7 35 30 28 22 6 17 37 
12 260 261 166318976 30 37 23 16 17 6 31 33 1 29 28 30 9 25 3 11 34 26 4 38 14 22 18 15 24 13 32 10 39 5 40 
3
19 261 263 450353424 28 36 25 6 11 9 35 22 30 33 12 10 3 13 4 24 7 2 39 17 5 14 15 28 1 29 31 37 21 
38 261 262 4932016 27 40 19 35 39 22 14 30 2 7 3 34 29 21 24 9 1 5 6 27 13 31 36 8 23 11 32 20 
19 261 271 5217653408 27 2 1 28 12 11 16 10 20 33 4 27 21 25 9 3 30 40 34 23 31 29 36 26 22 7 37 5 
3
9 262 264 97902504 30 23 11 18 39 13 10 21 14 38 40 36 29 5 28 2 32 3 6 26 30 1 20 25 27 12 19 15 17 34 7 
14 262 277 1289822464 30 6 16 25 34 7 24 28 37 5 4 18 19 3 21 22 17 30 2 31 27 36 39 15 1 10 11 35 33 38 29 
33 262 266 163730520 24 16 35 27 38 36 15 22 3 30 11 17 1 20 24 6 28 10 34 32 14 25 37 29 12 
2
5 263 265 79603704 29 13 37 31 29 12 33 24 27 34 39 21 30 36 10 1 26 40 15 25 8 32 16 23 38 14 7 2 17 11 
26 263 269 1088286192 27 36 2 8 3 17 28 32 29 39 23 37 4 19 14 20 9 25 6 10 27 40 1 24 16 21 38 31 
3
5 264 276 182204880 27 30 31 17 13 33 34 36 25 18 19 29 32 9 38 10 1 12 16 26 21 37 3 4 8 14 22 11 
36 264 265 650082976 28 21 9 31 5 22 2 8 28 18 24 34 37 13 23 26 19 20 27 6 38 11 10 1 3 12 4 35 25 
15 264 268 1740171800 29 11 8 12 28 38 26 33 35 24 2 10 19 39 37 22 31 7 18 14 1 3 9 16 23 30 29 4 34 21 
1
10 265 267 319472928 29 6 34 1 15 32 2 12 3 4 33 13 16 8 23 24 40 21 30 11 35 37 5 26 36 18 29 17 39 20 
3
13 266 268 896415384 25 27 32 7 30 16 34 36 6 28 38 18 31 39 26 4 29 5 23 10 40 20 3 24 19 11 
32 266 272 106071000 26 10 14 22 34 3 1 28 25 12 30 35 15 18 38 17 21 6 19 23 11 39 27 29 13 2 4 
21 266 271 8224272 30 17 25 14 29 27 7 28 4 20 26 12 10 23 30 34 8 15 39 35 5 16 18 40 37 3 22 13 36 38 1 
1
2 267 275 325270440 24 10 14 24 32 16 25 12 6 40 21 3 37 26 33 38 8 5 23 36 9 18 13 34 27 
2
3 268 283 2908291328 24 34 18 32 12 15 36 2 22 9 37 17 5 21 26 19 27 39 16 20 7 8 25 29 6 
4 268 270 622473312 28 14 26 15 11 21 7 32 30 27 5 35 3 22 8 12 34 20 25 19 10 36 18 2 23 13 29 17 28 
0
1
30 270 274 1461887360 30 16 34 31 13 26 11 36 33 19 18 6 10 1 12 20 22 38 37 8 29 32 24 7 2 39 17 23 35 3 27 
2
37 271 281 748367136 24 40 17 38 8 10 16 31 22 30 6 9 7 19 21 35 32 33 24 18 2 3 29 28 4 
17 271 274 535423648 30 5 22 23 40 37 1 35 39 32 26 21 10 31 27 12 29 2 25 4 36 15 18 9 14 34 13 7 8 33 30 
3
24 272 277 173022240 26 25 9 34 21 40 13 39 15 22 10 20 26 28 31 12 18 33 30 4 32 19 1 7 37 2 14 
23 272 273 757644080 30 36 18 25 14 24 4 21 9 13 37 17 19 22 11 38 2 39 7 40 16 33 34 6 26 15 30 3 12 5 32 
17 272 273 208677024 26 32 29 36 20 7 15 21 9 10 12 30 1 34 25 6 14 33 37 31 3 39 13 2 22 40 5 
4
36 273 277 83770040 24 24 32 33 35 18 30 7 40 20 8 9 16 27 37 10 39 17 21 22 4 14 28 19 1 
38 273 279 641636520 27 32 1 26 4 17 10 22 24 8 36 16 34 5 2 37 19 25 20 7 35 33 28 14 23 11 29 31 
35 273 274 43998944 30 10 32 1 11 40 26 29 6 7 20 34 37 39 30 8 15 24 2 12 14 9 21 5 22 16 18 19 25 27 28 
30 273 275 933061656 29 18 11 26 6 27 25 1 29 22 37 2 40 8 5 17 28 35 13 20 23 16 36 24 3 9 7 12 34 31 
2
27 274 277 1877418400 26 28 21 7 40 24 39 25 18 33 13 2 10 29 22 12 9 3 26 20 37 31 23 30 34 5 19 
4 274 278 33978760 24 31 9 16 28 21 5 40 15 12 2 1 8 23 32 36 7 14 24 39 10 30 37 25 17 
0
5
38 276 278 787536000 27 1 19 30 36 2 14 21 3 35 28 13 37 8 29 22 25 15 10 5 11 23 16 18 40 34 33 24 
19 276 279 90933536 27 26 14 37 33 1 35 28 7 30 2 12 29 21 4 15 20 17 3 23 31 40 11 6 16 10 24 36 
16 276 282 1128369368 26 1 17 11 14 21 32 6 8 37 12 26 10 34 24 39 20 29 13 2 27 30 38 15 4 3 28 
12 276 282 408906512 27 18 20 26 14 31 30 8 9 22 21 29 16 7 28 36 34 10 3 1 15 27 40 32 23 5 4 25 
34 276 281 598247424 25 22 33 30 14 3 18 27 36 21 31 40 13 12 38 29 23 32 39 19 10 28 7 26 16 15 
1
23 277 283 564665080 30 16 18 1 5 17 30 36 31 14 33 12 3 9 4 22 20 10 32 2 39 37 35 13 27 19 24 6 25 21 40 
3
1 278 283 1058758752 29 29 34 11 13 40 15 17 2 33 9 31 35 18 3 7 8 28 4 37 12 24 14 38 10 20 21 27 5 25 
34 278 287 2099009920 29 38 22 11 12 25 20 40 24 28 14 2 39 10 16 3 29 19 36 13 7 18 33 32 26 27 23 1 37 4 
38 278 279 62016464 28 16 28 26 7 21 15 3 29 9 13 27 31 17 1 2 32 34 19 22 30 11 35 25 23 5 40 8 12 
3
38 279 285 601774376 26 13 14 27 16 18 37 1 12 8 10 21 2 35 39 11 34 22 26 29 25 33 28 6 20 30 3 
20 279 285 265257720 27 25 2 16 40 35 14 13 32 22 11 8 34 4 10 23 36 3 21 37 24 30 12 29 15 5 38 33 
32 279 285 3455448696 29 22 36 37 21 10 17 34 40 33 26 14 4 28 27 23 38 24 7 15 39 13 3 2 5 29 25 12 16 6 
0
2
23 281 283 698939112 26 17 26 4 20 12 14 5 32 24 21 35 36 22 37 30 13 7 27 40 34 3 38 16 33 15 10 
14 281 285 193163840 27 33 9 29 3 21 7 11 2 38 32 26 4 31 40 27 8 30 18 5 28 16 6 34 25 22 1 15 
2
12 282 284 1547499096 30 28 4 35 3 23 20 15 29 21 14 33 38 8 1 5 2 39 27 6 34 25 18 9 19 11 37 24 13 31 7 
36 282 286 1997045360 28 24 1 11 27 33 38 10 8 22 25 17 9 7 31 19 26 35 4 21 30 2 29 12 28 32 34 16 40 
1
29 283 284 139344032 25 11 40 22 33 12 15 2 32 25 5 19 28 36 35 18 38 16 31 30 14 9 23 10 3 34 
0
4
20 285 287 219118224 25 38 25 27 8 13 6 24 28 35 40 10 5 30 7 19 29 3 37 26 14 1 23 39 34 21 
6 285 286 37290704 27 38 18 32 25 33 9 21 37 39 28 35 1 31 14 3 13 2 15 17 30 20 26 27 23 29 7 16 
37 285 287 944382072 29 29 15 3 12 2 33 5 34 30 22 35 21 6 20 23 25 24 11 17 14 19 16 27 1 40 4 26 8 7 
9 285 286 295419280 26 37 10 22 14 38 29 40 20 17 2 11 23 25 1 4 34 27 8 31 18 21 39 26 32 16 35 
3
5 286 287 232323536 25 4 3 18 20 26 11 1 34 38 6 32 33 19 16 28 7 12 13 22 8 37 29 27 35 40 
22 286 287 165694064 28 7 25 40 4 26 16 21 23 33 15 31 38 6 36 13 39 37 24 32 18 20 27 3 10 34 2 9 5 
9 286 287 242909504 24 2 39 4 26 18 40 20 8 23 22 14 10 17 11 37 30 27 24 34 29 25 32 7 33 
1
4 287 287 198954736 26 35 38 40 14 22 39 31 17 8 32 10 20 27 16 24 7 25 19 6 5 11 29 26 33 15 18 
