1
14 0 1 608126 9 1 18 4 12 10 15 6 19 8 
1
6 1 10 2750584 9 7 3 17 13 18 14 15 8 4 
1
14 2 4 461310 9 8 2 5 3 16 17 11 13 12 
1
15 3 4 452723 9 5 1 2 7 12 17 4 8 10 
1
2 4 6 417454 9 19 9 16 13 17 4 18 5 14 
1
3 5 7 285022 9 6 1 7 11 18 4 17 12 20 
0
0
2
1 8 12 197980 9 20 8 17 19 5 14 13 6 12 
18 8 14 1607001 9 8 7 3 17 14 2 5 9 20 
1
5 9 12 1539607 9 3 12 11 8 9 1 19 10 7 
0
2
6 11 15 425918 9 12 14 17 16 5 19 2 15 11 
14 11 12 24885 9 13 10 15 8 1 2 3 19 12 
2
10 12 18 1079597 9 20 15 6 9 12 19 17 18 14 
10 12 16 65813 9 8 16 13 9 4 12 18 3 5 
1
16 13 14 354260 9 12 18 3 14 19 20 2 17 4 
1
5 14 19 2239717 9 4 3 9 12 15 11 18 10 16 
0
2
15 16 19 284182 9 6 8 3 20 4 10 12 17 7 
18 16 19 2113478 9 9 7 14 6 20 19 12 1 2 
1
10 17 19 1287819 9 19 14 15 3 4 2 13 12 16 
1
1 18 19 275614 9 12 17 20 14 13 7 19 10 5 
1
9 19 19 119406 9 11 2 19 6 4 7 15 14 12 
