1
17 0 19 3386336 13 10 13 1 12 16 7 2 9 14 19 3 11 15 
1
5 1 10 2627312 13 2 15 1 4 20 3 6 19 16 17 12 8 10 
0
1
15 3 13 2548169 13 10 17 19 1 3 16 5 8 2 18 11 4 12 
1
3 4 8 92109 13 11 19 20 7 1 13 4 16 6 9 12 17 8 
2
15 5 19 1837306 13 2 19 9 7 20 18 17 14 12 11 13 10 6 
20 5 10 3802709 13 3 16 14 12 11 7 17 19 6 8 10 15 18 
1
15 6 9 149503 13 5 1 14 13 10 8 16 2 9 11 19 4 20 
1
12 7 17 830386 13 19 9 7 14 2 20 5 18 13 15 16 6 1 
1
3 8 16 3744931 13 15 14 13 1 16 9 12 4 8 7 19 11 17 
1
1 9 13 146757 13 8 12 3 7 17 14 6 10 4 18 13 19 20 
1
14 10 15 670404 13 12 18 4 20 16 13 1 7 2 17 9 19 5 
1
4 11 15 662389 13 18 5 11 16 2 6 14 19 12 17 13 20 3 
0
2
15 13 15 505473 13 17 16 4 6 2 1 19 5 7 8 20 13 14 
9 13 16 288665 13 18 13 2 7 10 4 15 1 16 20 17 8 3 
0
1
3 15 17 1238252 13 11 5 20 4 1 17 10 9 8 15 16 12 18 
2
14 16 18 132051 13 10 17 1 9 7 13 15 12 19 16 11 2 18 
14 16 17 44045 13 7 2 16 12 17 18 19 4 1 20 15 6 10 
0
1
16 18 19 1246742 13 15 3 2 6 18 10 17 8 7 20 13 9 5 
2
9 19 19 88810 13 8 6 4 5 11 3 7 1 17 14 19 2 15 
14 19 19 149075 13 2 3 17 5 13 4 16 12 7 9 11 20 8 
