0 1 0.00% 50.988005
1 1 50.00% 283.761603
1 2 33.33% 84.111575
1 3 25.00% 63.606056
1 4 20.00% 156.174215
1 5 16.67% 30.946597
2 5 28.57% 10.402081
2 6 25.00% 15.599794
3 6 33.33% 67.462512
3 7 30.00% 94.973379
4 7 36.36% 20.468176
4 8 33.33% 30.555434
4 9 30.77% 31.143190
4 10 28.57% 10.482219
4 11 26.67% 16.176642
4 12 25.00% 301.945345
5 12 29.41% 48.301121
5 13 27.78% 20.513353
5 14 26.32% 25.552370
5 15 25.00% 10.204125
6 15 28.57% 38.383077
7 15 31.82% 41.952897
7 16 30.43% 10.420346
8 16 33.33% 41.819571
9 16 36.00% 52.273283
10 16 38.46% 35.747662
10 17 37.04% 57.955219
10 18 35.71% 23.106953
10 19 34.48% 29.089453
11 19 36.67% 59.400979
11 20 35.48% 36.411905
12 20 37.50% 38.296153
12 21 36.36% 17.295942
12 22 35.29% 28.297073
13 22 37.14% 34.131028
14 22 38.89% 17.725907
14 23 37.84% 12.362834
14 24 36.84% 11.824353
15 24 38.46% 10.589944
