1 0 100.00% 36.555322
2 0 100.00% 34.309634
3 0 100.00% 38.797197
3 1 75.00% 3.833366
3 2 60.00% 17.833042
3 3 50.00% 9.447480
4 3 57.14% 43.489835
5 3 62.50% 12.058617
5 4 55.56% 7.488205
6 4 60.00% 79.580603
7 4 63.64% 23.672052
8 4 66.67% 41.081152
8 5 61.54% 53.025202
9 5 64.29% 5.879904
10 5 66.67% 31.727011
11 5 68.75% 24.705805
11 6 64.71% 13.149422
11 7 61.11% 3.671671
12 7 63.16% 5.225246
13 7 65.00% 14.030958
14 7 66.67% 25.284776
14 8 63.64% 21.909443
15 8 65.22% 32.750320
15 9 62.50% 20.188295
15 10 60.00% 49.914341
15 11 57.69% 59.486871
15 12 55.56% 3.637551
16 12 57.14% 35.812530
16 13 55.17% 7.285416
17 13 56.67% 10.912784
17 14 54.84% 5.444201
17 15 53.12% 5.468925
17 16 51.52% 17.039432
17 17 50.00% 38.316790
18 17 51.43% 3.651430
18 18 50.00% 23.613413
19 18 51.35% 10.930850
19 19 50.00% 30.993014
19 20 48.72% 47.835990
20 20 50.00% 38.038524
20 21 48.78% 23.109301
20 22 47.62% 25.086646
20 23 46.51% 6.376664
21 23 47.73% 9.749258
22 23 48.89% 20.964961
23 23 50.00% 21.981370
24 23 51.06% 15.343983
24 24 50.00% 17.008636
24 25 48.98% 8.327306
24 26 48.00% 10.890807
24 27 47.06% 13.645725
24 28 46.15% 15.452851
24 29 45.28% 10.562691
24 30 44.44% 9.910034
24 31 43.64% 3.735539
24 32 42.86% 7.457128
25 32 43.86% 5.519171
26 32 44.83% 3.673181
27 32 45.76% 1.812710
28 32 46.67% 1.844478
