1 0 100.00% 1.445766
2 0 100.00% 1.470375
3 0 100.00% 1.914598
4 0 100.00% 0.842478
4 1 80.00% 2.168987
5 1 83.33% 1.248804
6 1 85.71% 1.476031
7 1 87.50% 1.400078
8 1 88.89% 1.360466
9 1 90.00% 1.052214
10 1 90.91% 0.686348
11 1 91.67% 1.227681
12 1 92.31% 4.138715
12 2 85.71% 0.244151
13 2 86.67% 2.357543
14 2 87.50% 2.206794
15 2 88.24% 2.054572
15 3 83.33% 0.740218
15 4 78.95% 0.260880
16 4 80.00% 3.062579
17 4 80.95% 2.538816
17 5 77.27% 2.904780
18 5 78.26% 1.381869
19 5 79.17% 1.731871
20 5 80.00% 3.040990
21 5 80.77% 3.447537
21 6 77.78% 0.074736
22 6 78.57% 4.016825
22 7 75.86% 1.074553
22 8 73.33% 0.756441
23 8 74.19% 0.933116
24 8 75.00% 0.930751
25 8 75.76% 2.218425
26 8 76.47% 1.371062
26 9 74.29% 0.441357
27 9 75.00% 1.763520
27 10 72.97% 1.554768
28 10 73.68% 1.327095
29 10 74.36% 1.844329
30 10 75.00% 2.988966
31 10 75.61% 3.202981
32 10 76.19% 3.937960
32 11 74.42% 0.870304
32 12 72.73% 0.468699
33 12 73.33% 2.968319
34 12 73.91% 2.832353
35 12 74.47% 2.980755
35 13 72.92% 2.239272
35 14 71.43% 1.616054
35 15 70.00% 0.461895
35 16 68.63% 1.068217
36 16 69.23% 1.383281
37 16 69.81% 1.392830
38 16 70.37% 1.208632
39 16 70.91% 0.700850
40 16 71.43% 0.938206
41 16 71.93% 0.933866
42 16 72.41% 0.720511
43 16 72.88% 0.248547
44 16 73.33% 0.377185
