2 0 100.00% 44.871688
3 0 100.00% 52.044297
4 0 100.00% 52.094971
4 2 66.67% 21.810872
5 2 71.43% 43.503553
6 2 75.00% 46.796465
6 3 66.67% 44.712663
7 3 70.00% 47.835539
9 3 75.00% 43.287182
9 4 69.23% 45.160426
9 5 64.29% 22.713716
9 6 60.00% 43.479204
11 6 64.71% 48.949738
11 7 61.11% 49.066207
11 11 50.00% 43.050589
12 12 50.00% 26.001683
14 12 53.85% 43.041760
14 13 51.85% 43.256819
14 14 50.00% 43.885471
14 15 48.28% 46.676319
14 16 46.67% 43.334867
14 18 43.75% 21.691342
14 19 42.42% 23.665050
15 19 44.12% 43.103621
15 20 42.86% 43.216720
16 21 43.24% 43.056173
18 21 46.15% 43.098678
19 21 47.50% 43.051641
19 22 46.34% 21.781627
19 23 45.24% 43.239518
19 25 43.18% 21.542086
21 25 45.65% 44.698704
21 27 43.75% 21.600582
21 28 42.86% 43.142254
21 29 42.00% 21.620848
21 30 41.18% 21.588644
22 30 42.31% 43.158569
23 30 43.40% 44.686710
24 30 44.44% 46.564449
24 31 43.64% 43.180468
25 31 44.64% 43.161790
26 31 45.61% 43.277841
27 31 46.55% 43.126058
29 31 48.33% 22.541593
