0
0
2
11 2 19 3808951 8 1 4 2 8 3 9 6 10 
6 2 18 2039061 8 7 5 11 4 10 12 2 9 
1
7 3 21 3265984 8 11 5 8 10 3 1 2 6 
1
3 4 5 143956 8 10 4 2 12 5 6 9 11 
2
7 5 13 9983382 8 2 8 3 6 5 9 1 11 
11 5 9 465376 8 7 2 10 12 9 1 3 5 
1
7 6 28 1632114 8 2 3 5 10 8 12 11 1 
1
5 7 12 1045016 8 9 11 7 1 10 3 4 8 
1
12 8 11 1290832 8 6 3 1 11 2 8 7 10 
0
1
5 10 51 1880209 8 11 10 6 3 4 8 7 9 
2
6 11 23 51485 8 12 11 4 3 2 5 8 9 
1 11 32 2601434 8 4 3 11 9 2 10 5 8 
1
8 12 39 15880687 8 1 5 3 9 6 10 7 11 
0
1
12 14 16 2375 8 10 3 4 7 8 1 9 5 
1
5 15 28 4678178 8 3 2 4 9 1 10 6 7 
2
5 16 27 31976 8 7 2 11 12 8 3 1 6 
9 16 22 481833 8 8 10 1 4 2 12 7 5 
0
0
0
1
4 20 21 256580 8 12 2 6 7 3 11 8 1 
4
8 21 22 135052 8 12 9 11 3 4 7 2 6 
12 21 27 1159203 8 6 5 2 9 10 4 3 11 
10 21 33 4241239 8 3 9 11 2 12 5 8 7 
4 21 32 9933085 8 12 3 9 6 10 8 7 5 
0
2
6 23 40 682002 8 7 12 4 1 11 10 3 9 
7 23 33 2302296 8 4 6 12 5 9 8 10 1 
0
2
3 25 50 9968493 8 1 2 6 8 10 5 4 12 
3 25 56 570067 8 9 2 6 5 12 10 8 7 
1
3 26 27 455207 8 10 1 6 11 12 7 4 9 
1
4 27 44 3067563 8 1 5 3 2 9 11 12 7 
1
7 28 31 374497 8 12 9 11 2 3 1 4 10 
1
2 29 34 1568420 8 1 5 12 11 9 3 8 6 
0
2
6 31 33 193650 8 8 1 5 11 4 10 2 9 
8 31 33 1381677 8 9 5 10 3 6 12 7 2 
0
1
3 33 41 836142 8 5 9 1 6 11 7 4 12 
1
11 34 54 1144300 8 3 4 7 9 12 6 1 2 
1
11 35 36 61940 8 1 4 10 5 2 6 3 12 
0
2
5 37 49 4523789 8 2 6 4 10 8 7 9 3 
6 37 42 4050628 8 2 3 8 10 7 12 11 9 
2
11 38 52 886440 8 4 10 1 12 8 5 6 9 
9 38 59 1942866 8 4 8 5 2 11 10 7 3 
1
12 39 56 5451246 8 7 8 10 3 11 5 9 6 
1
4 40 50 4531725 8 1 10 5 12 8 6 7 11 
0
1
2 42 53 7190934 8 3 12 9 5 7 6 10 4 
2
8 43 45 970024 8 1 9 2 10 7 11 5 3 
1 43 47 1750567 8 8 6 10 7 2 9 5 11 
0
0
2
7 46 56 4154880 8 6 3 5 4 11 12 10 1 
9 46 57 1454083 8 1 6 5 2 8 7 11 10 
2
4 47 54 862856 8 8 5 6 7 9 2 11 3 
12 47 53 3656797 8 5 3 2 10 6 11 8 4 
1
11 48 51 401183 8 6 2 3 1 9 10 7 12 
1
4 49 51 3999907 8 12 5 9 11 10 7 2 3 
1
2 50 54 1135670 8 10 6 7 1 9 12 11 5 
1
7 51 56 818383 8 5 12 8 6 1 2 4 9 
1
8 52 55 1835290 8 7 1 4 6 12 2 10 11 
1
10 53 57 1467659 8 9 8 12 7 1 3 5 2 
1
12 54 55 53995 8 7 2 8 9 6 11 3 5 
1
2 55 58 1514574 8 1 6 11 12 5 9 10 8 
0
1
3 57 59 765658 8 2 4 9 6 7 8 10 1 
1
2 58 59 327820 8 1 4 7 10 11 6 12 5 
2
5 59 59 11261 8 9 12 3 7 4 11 1 10 
3 59 59 307522 8 2 4 8 1 5 7 10 12 
