1 0 100.00% 3.708334
2 0 100.00% 0.825008
3 0 100.00% 0.553897
3 1 75.00% 0.730342
4 1 80.00% 0.429308
5 1 83.33% 1.393777
5 2 71.43% 1.808956
5 3 62.50% 1.857521
5 4 55.56% 0.109060
5 5 50.00% 0.320976
5 6 45.45% 0.901455
5 7 41.67% 0.662827
5 8 38.46% 0.121742
6 8 42.86% 1.648299
6 9 40.00% 1.582494
6 10 37.50% 0.546224
7 10 41.18% 1.104732
8 10 44.44% 1.475841
8 11 42.11% 0.314565
8 12 40.00% 1.555190
8 13 38.10% 0.166423
9 13 40.91% 1.182955
10 13 43.48% 1.025260
10 14 41.67% 0.685370
11 14 44.00% 1.001687
11 15 42.31% 0.515160
11 16 40.74% 0.285230
11 17 39.29% 0.316238
11 18 37.93% 0.478060
11 19 36.67% 0.089625
11 20 35.48% 0.248987
12 20 37.50% 0.359574
13 20 39.39% 0.540223
13 21 38.24% 0.183447
14 21 40.00% 0.504777
14 22 38.89% 0.365013
15 22 40.54% 0.327234
16 22 42.11% 0.344918
16 23 41.03% 0.293778
17 23 42.50% 0.155018
