1
6 0 1 298 5 10 2 9 1 8 
1
4 1 10 10500 5 5 9 3 10 12 
0
2
6 3 10 11289 5 8 1 12 3 5 
5 3 9 20073 5 10 4 7 3 1 
1
2 4 12 11017 5 4 8 9 10 5 
1
3 5 18 2206 5 10 12 9 2 1 
0
2
11 7 12 40770 5 6 3 5 2 7 
12 7 9 4298 5 6 5 7 8 2 
0
1
9 9 13 1681 5 6 2 7 5 4 
2
10 10 19 20218 5 2 1 5 11 7 
11 10 15 302 5 9 2 10 1 6 
1
7 11 15 16786 5 9 8 11 5 6 
1
12 12 14 1321 5 1 5 3 2 8 
1
3 13 14 2322 5 8 7 10 12 11 
0
1
1 15 18 6700 5 2 4 7 8 5 
1
2 16 19 3227 5 6 12 10 5 7 
1
6 17 19 21786 5 8 12 9 4 1 
1
8 18 19 11713 5 9 4 1 12 11 
1
8 19 19 343 5 5 7 10 11 12 
