1 1 0 100.00% 8.653489
2 1 1 50.00% 13.980095
3 1 2 33.33% 8.593754
4 1 3 25.00% 6.991747
5 1 4 20.00% 18.752941
6 1 5 16.67% 9.818059
7 1 6 14.29% 58.999907
8 1 7 12.50% 24.149422
9 2 7 22.22% 6.521395
10 2 8 20.00% 25.236779
11 2 9 18.18% 6.838393
12 2 10 16.67% 32.889246
13 2 11 15.38% 9.701082
14 2 12 14.29% 8.778368
15 2 13 13.33% 39.029683
16 2 14 12.50% 9.170264
17 2 15 11.76% 34.323105
18 2 16 11.11% 11.384639
19 2 17 10.53% 6.022176
20 2 18 10.00% 15.815095
21 2 19 9.52% 80.440418
22 2 20 9.09% 10.028168
23 2 21 8.70% 13.234894
24 2 22 8.33% 13.999996
25 2 23 8.00% 4.943988
26 2 24 7.69% 3.978120
27 2 25 7.41% 6.198395
28 2 26 7.14% 9.584500
29 2 27 6.90% 55.151004
30 2 28 6.67% 7.554171
31 2 29 6.45% 18.630024
32 2 30 6.25% 2.112655
33 2 31 6.06% 6.329920
34 2 32 5.88% 12.587469
35 2 33 5.71% 8.620566
36 2 34 5.56% 50.213368
37 3 34 8.11% 36.677988
38 3 35 7.89% 7.112840
39 3 36 7.69% 24.201023
40 4 36 10.00% 28.413828
41 4 37 9.76% 2.227995
42 5 37 11.90% 19.672666
43 5 38 11.63% 14.644010
44 6 38 13.64% 57.376056
45 6 39 13.33% 46.669947
46 7 39 15.22% 15.556720
47 7 40 14.89% 55.438708
48 8 40 16.67% 2.373094
49 9 40 18.37% 8.340954
50 9 41 18.00% 5.611233
51 10 41 19.61% 30.247885
52 11 41 21.15% 7.671383
53 12 41 22.64% 39.179028
54 13 41 24.07% 36.170233
55 14 41 25.45% 5.743624
56 15 41 26.79% 15.368929
57 16 41 28.07% 7.044980
58 17 41 29.31% 72.895811
59 18 41 30.51% 15.194863
60 18 42 30.00% 17.226531
61 19 42 31.15% 8.223237
62 19 43 30.65% 72.351098
63 19 44 30.16% 42.260729
64 20 44 31.25% 10.681036
65 21 44 32.31% 36.683092
66 22 44 33.33% 23.778780
67 22 45 32.84% 62.050039
68 23 45 33.82% 9.592735
69 24 45 34.78% 13.264983
70 24 46 34.29% 8.692096
71 25 46 35.21% 35.185783
72 26 46 36.11% 12.191121
73 27 46 36.99% 10.305708
74 28 46 37.84% 9.671089
