1 0 100.00% 34.008010
1 1 50.00% 52.701516
2 1 66.67% 46.893769
2 2 50.00% 24.004844
3 2 60.00% 6.058674
4 2 66.67% 15.506293
4 3 57.14% 27.796728
4 4 50.00% 21.336898
4 5 44.44% 12.220149
5 5 50.00% 21.476375
5 6 45.45% 6.287107
6 6 50.00% 18.832625
6 7 46.15% 5.945712
6 8 42.86% 46.082424
6 9 40.00% 24.681141
6 10 37.50% 23.672167
7 10 41.18% 26.879896
7 11 38.89% 8.821433
7 12 36.84% 14.683067
7 13 35.00% 8.788824
7 14 33.33% 17.639675
7 15 31.82% 36.204942
7 16 30.43% 33.470220
7 17 29.17% 39.660868
7 18 28.00% 17.686198
7 19 26.92% 6.070819
7 20 25.93% 20.719791
7 21 25.00% 36.660206
7 22 24.14% 9.444411
7 23 23.33% 25.698270
7 24 22.58% 20.636518
8 24 25.00% 5.959646
9 24 27.27% 50.151586
9 25 26.47% 27.566089
10 25 28.57% 14.646022
10 26 27.78% 12.427068
10 27 27.03% 17.570048
10 28 26.32% 14.568975
10 29 25.64% 17.542516
10 30 25.00% 8.736948
10 31 24.39% 17.499060
10 32 23.81% 14.548063
10 33 23.26% 42.715315
10 34 22.73% 14.683419
10 35 22.22% 26.703885
10 36 21.74% 39.528015
10 37 21.28% 23.803375
10 38 20.83% 11.798562
11 38 22.45% 51.161236
11 39 22.00% 11.805708
11 40 21.57% 11.676780
11 41 21.15% 5.940659
11 42 20.75% 18.594140
11 43 20.37% 28.144047
11 44 20.00% 16.051442
11 45 19.64% 15.356316
11 46 19.30% 12.936898
11 47 18.97% 31.251367
11 48 18.64% 9.943735
11 49 18.33% 18.344486
11 50 18.03% 8.905090
11 51 17.74% 26.939946
12 51 19.05% 11.645958
12 52 18.75% 8.763007
13 52 20.00% 22.556612
13 53 19.70% 5.837497
14 53 20.90% 30.098887
14 54 20.59% 5.867152
15 54 21.74% 36.450500
15 55 21.43% 11.867307
16 55 22.54% 30.322331
16 56 22.22% 11.748099
16 57 21.92% 15.958325
16 58 21.62% 9.068500
16 59 21.33% 39.712001
17 59 22.37% 39.664072
17 60 22.08% 9.342040
17 61 21.79% 29.522463
17 62 21.52% 6.327130
17 63 21.25% 19.243203
17 64 20.99% 15.574018
17 65 20.73% 18.389770
17 66 20.48% 30.882411
17 67 20.24% 30.249942
17 68 20.00% 18.396079
17 69 19.77% 31.231151
17 70 19.54% 33.496584
17 71 19.32% 14.390232
17 72 19.10% 14.716989
17 73 18.89% 11.577564
17 74 18.68% 27.416284
17 75 18.48% 12.178175
17 76 18.28% 23.876782
17 77 18.09% 29.913205
17 78 17.89% 8.678095
18 78 18.75% 20.530128
18 79 18.56% 11.606572
18 80 18.37% 5.702186
18 81 18.18% 5.835703
18 82 18.00% 26.749367
18 83 17.82% 17.494833
18 84 17.65% 14.471652
18 85 17.48% 5.982419
18 86 17.31% 20.187878
18 87 17.14% 26.361108
18 88 16.98% 8.975054
18 89 16.82% 14.933460
18 90 16.67% 5.857191
18 91 16.51% 21.401975
18 92 16.36% 24.510672
18 93 16.22% 12.570775
18 94 16.07% 16.343428
18 95 15.93% 24.715288
18 96 15.79% 11.762476
18 97 15.65% 17.663001
18 98 15.52% 11.677135
18 99 15.38% 15.087615
18 100 15.25% 6.183591
18 101 15.13% 11.932433
18 102 15.00% 6.146817
18 103 14.88% 5.972283
18 104 14.75% 14.862324
19 104 15.45% 21.325263
19 105 15.32% 6.071815
19 106 15.20% 18.051991
19 107 15.08% 5.910387
20 107 15.75% 16.031762
20 108 15.62% 18.269914
20 109 15.50% 6.067449
20 110 15.38% 14.800097
21 110 16.03% 9.385095
21 111 15.91% 9.355848
21 112 15.79% 11.785633
21 113 15.67% 5.912935
21 114 15.56% 9.441858
22 114 16.18% 15.429807
22 115 16.06% 19.127308
22 116 15.94% 8.966789
22 117 15.83% 6.047588
22 118 15.71% 17.844110
22 119 15.60% 11.744654
22 120 15.49% 8.882692
22 121 15.38% 15.559242
22 122 15.28% 18.318836
22 123 15.17% 12.232672
22 124 15.07% 15.439435
22 125 14.97% 12.110887
22 126 14.86% 14.792464
22 127 14.77% 9.579037
22 128 14.67% 9.132394
22 129 14.57% 5.959686
22 130 14.47% 5.908202
22 131 14.38% 5.906572
22 132 14.29% 15.357701
22 133 14.19% 6.303092
23 133 14.74% 7.144604
23 134 14.65% 13.085499
24 134 15.19% 15.048231
24 135 15.09% 13.030005
24 136 15.00% 6.234495
24 137 14.91% 6.186763
24 138 14.81% 6.072215
24 139 14.72% 8.997509
24 140 14.63% 9.019279
24 141 14.55% 9.139831
24 142 14.46% 6.707233
24 143 14.37% 6.048841
25 143 14.88% 6.538291
25 144 14.79% 6.410602
25 145 14.71% 9.518193
26 145 15.20% 9.390798
26 146 15.12% 6.196454
27 146 15.61% 9.457219
27 147 15.52% 9.214816
27 148 15.43% 9.270154
27 149 15.34% 9.912674
27 150 15.25% 5.953846
27 151 15.17% 6.006068
27 152 15.08% 8.784624
27 153 15.00% 6.116617
27 154 14.92% 3.097683
27 155 14.84% 3.079979
27 156 14.75% 3.016352
27 157 14.67% 3.005934
27 158 14.59% 3.046291
27 159 14.52% 3.049334
27 160 14.44% 3.239600
27 161 14.36% 3.106446
27 162 14.29% 3.037652
27 163 14.21% 2.976054
27 164 14.14% 3.023063
27 165 14.06% 2.973310
27 166 13.99% 3.068294
27 167 13.92% 3.174866
27 168 13.85% 3.022520
27 169 13.78% 3.311095
27 170 13.71% 3.134652
28 170 14.14% 3.088908
28 171 14.07% 3.036914
29 171 14.50% 3.015339
