1 0 100.00% 9.690934
1 1 50.00% 15.080894
2 1 66.67% 13.441585
3 1 75.00% 6.486434
4 1 80.00% 1.840087
5 1 83.33% 4.705170
5 2 71.43% 8.061122
6 2 75.00% 7.204865
6 3 66.67% 3.810826
7 3 70.00% 6.578989
7 4 63.64% 1.965945
8 4 66.67% 6.232550
8 5 61.54% 1.955768
8 6 57.14% 13.605709
8 7 53.33% 7.147689
8 8 50.00% 7.146953
9 8 52.94% 7.979545
9 9 50.00% 2.688985
9 10 47.37% 4.499380
9 11 45.00% 2.722487
9 12 42.86% 5.288208
10 12 45.45% 11.582539
10 13 43.48% 9.841737
10 14 41.67% 11.504515
10 15 40.00% 5.688180
10 16 38.46% 1.849561
10 17 37.04% 6.200007
10 18 35.71% 10.702613
10 19 34.48% 3.581985
10 20 33.33% 7.217491
10 21 32.26% 6.133079
10 22 31.25% 1.786888
11 22 33.33% 14.236354
11 23 32.35% 8.335733
11 24 31.43% 4.434890
11 25 30.56% 3.597214
11 26 29.73% 5.296479
11 27 28.95% 4.419800
11 28 28.21% 5.343066
11 29 27.50% 2.714660
11 30 26.83% 5.390279
11 31 26.19% 4.450920
11 32 25.58% 13.543720
11 33 25.00% 4.465744
11 34 24.44% 8.355128
11 35 23.91% 11.731956
11 36 23.40% 7.051555
11 37 22.92% 3.510549
12 37 24.49% 14.237304
12 38 24.00% 3.518862
12 39 23.53% 3.659585
12 40 23.08% 1.819414
12 41 22.64% 5.627896
12 42 22.22% 10.050461
12 43 21.82% 4.858398
12 44 21.43% 5.604474
12 45 21.05% 4.241630
12 46 20.69% 9.241468
12 47 20.34% 3.015643
12 48 20.00% 5.936219
12 49 19.67% 2.815974
12 50 19.35% 8.075043
12 51 19.05% 3.600301
12 52 18.75% 2.675838
12 53 18.46% 6.432509
12 54 18.18% 1.865059
12 55 17.91% 9.157156
12 56 17.65% 1.821694
12 57 17.39% 11.935242
12 58 17.14% 3.652778
13 58 18.31% 9.333143
13 59 18.06% 3.897757
14 59 19.18% 5.427828
15 59 20.27% 2.872037
15 60 20.00% 11.581154
16 60 21.05% 11.325055
16 61 20.78% 2.955223
16 62 20.51% 9.863723
17 62 21.52% 2.103735
17 63 21.25% 5.768043
18 63 22.22% 5.619794
18 64 21.95% 5.519359
18 65 21.69% 9.305377
18 66 21.43% 8.427762
18 67 21.18% 5.769784
18 68 20.93% 9.586701
18 69 20.69% 9.953302
18 70 20.45% 4.448227
18 71 20.22% 4.599831
18 72 20.00% 3.526188
18 73 19.78% 9.327455
18 74 19.57% 3.921332
18 75 19.35% 7.119480
18 76 19.15% 8.856138
18 77 18.95% 2.795760
18 78 18.75% 6.200164
19 78 19.59% 3.601680
19 79 19.39% 1.816656
19 80 19.19% 1.771384
19 81 19.00% 8.067040
19 82 18.81% 5.324995
19 83 18.63% 4.767828
19 84 18.45% 2.029773
19 85 18.27% 6.117447
19 86 18.10% 7.804414
19 87 17.92% 3.196165
19 88 17.76% 4.668301
19 89 17.59% 2.027257
19 90 17.43% 6.474207
19 91 17.27% 7.568000
19 92 17.12% 3.895306
20 92 17.86% 4.595820
20 93 17.70% 8.398216
20 94 17.54% 3.660910
20 95 17.39% 5.512330
20 96 17.24% 3.633051
20 97 17.09% 4.534835
20 98 16.95% 1.809014
20 99 16.81% 3.835331
20 100 16.67% 3.177241
20 101 16.53% 1.818506
20 102 16.39% 4.542125
20 103 16.26% 6.384126
20 104 16.13% 1.828013
20 105 16.00% 6.748403
20 106 15.87% 1.830676
21 106 16.54% 4.736653
21 107 16.41% 6.189704
21 108 16.28% 1.832690
21 109 16.15% 4.956379
22 109 16.79% 2.985324
22 110 16.67% 2.779965
22 111 16.54% 3.657653
22 112 16.42% 1.818820
23 112 17.04% 3.538870
24 112 17.65% 5.092222
25 112 18.25% 5.667883
25 113 18.12% 2.820325
25 114 17.99% 1.874630
25 115 17.86% 5.434955
25 116 17.73% 3.676181
25 117 17.61% 2.729719
25 118 17.48% 4.517662
25 119 17.36% 6.191517
25 120 17.24% 3.792495
25 121 17.12% 4.659800
25 122 17.01% 3.736789
26 122 17.57% 4.669143
26 123 17.45% 2.832815
27 123 18.00% 2.756183
27 124 17.88% 1.885011
27 125 17.76% 1.827116
27 126 17.65% 1.832203
28 126 18.18% 5.014740
28 127 18.06% 2.276509
28 128 17.95% 2.081054
28 129 17.83% 4.680877
29 129 18.35% 5.227433
29 130 18.24% 4.689053
29 131 18.12% 2.073120
30 131 18.63% 2.027175
30 132 18.52% 2.004764
30 133 18.40% 2.753695
30 134 18.29% 2.790682
30 135 18.18% 3.148579
30 136 18.07% 1.946734
30 137 17.96% 2.029971
30 138 17.86% 2.428111
30 139 17.75% 2.688065
31 139 18.24% 2.753275
32 139 18.71% 3.043556
32 140 18.60% 1.917300
33 140 19.08% 4.566242
33 141 18.97% 4.161876
33 142 18.86% 2.811324
33 143 18.75% 2.851534
34 143 19.21% 1.811190
34 144 19.10% 1.815080
35 144 19.55% 2.707777
35 145 19.44% 2.228939
35 146 19.34% 0.908908
35 147 19.23% 0.923408
35 148 19.13% 0.961433
35 149 19.02% 0.915520
35 150 18.92% 0.939658
35 151 18.82% 0.917952
35 152 18.72% 1.050453
36 152 19.15% 1.056449
36 153 19.05% 0.916819
36 154 18.95% 0.928613
36 155 18.85% 0.907530
36 156 18.75% 0.905267
36 157 18.65% 1.012183
36 158 18.56% 0.938632
36 159 18.46% 0.976442
36 160 18.37% 1.000867
37 160 18.78% 0.950646
37 161 18.69% 0.937075
37 162 18.59% 0.938229
37 163 18.50% 0.977702
