1 0 100.00% 0.569848
1 1 50.00% 0.639653
2 1 66.67% 0.654837
2 2 50.00% 0.412557
2 3 40.00% 0.082448
3 3 50.00% 0.331787
4 3 57.14% 0.557151
5 3 62.50% 0.272895
5 4 55.56% 0.076402
5 5 50.00% 0.402789
5 6 45.45% 0.107074
5 7 41.67% 0.327464
5 8 38.46% 0.136955
5 9 35.71% 0.792967
5 10 33.33% 0.157916
5 11 31.25% 0.152432
6 11 35.29% 0.456763
6 12 33.33% 0.105120
6 13 31.58% 0.255698
6 14 30.00% 0.103166
6 15 28.57% 0.108434
7 15 31.82% 0.496117
7 16 30.43% 0.363707
7 17 29.17% 0.507687
7 18 28.00% 0.143363
7 19 26.92% 0.095585
7 20 25.93% 0.285957
7 21 25.00% 0.654072
7 22 24.14% 0.144914
7 23 23.33% 0.345514
7 24 22.58% 0.134466
7 25 21.88% 0.044461
8 25 24.24% 0.758133
8 26 23.53% 0.419361
8 27 22.86% 0.271276
8 28 22.22% 0.229172
8 29 21.62% 0.107222
8 30 21.05% 0.184244
8 31 20.51% 0.106429
8 32 20.00% 0.108084
9 32 21.95% 0.392540
9 33 21.43% 0.101027
9 34 20.93% 0.576174
9 35 20.45% 0.092924
9 36 20.00% 0.278733
9 37 19.57% 0.609393
9 38 19.15% 0.235989
9 39 18.75% 0.161056
10 39 20.41% 0.768295
10 40 20.00% 0.073813
10 41 19.61% 0.157100
10 42 19.23% 0.069969
10 43 18.87% 0.295934
10 44 18.52% 0.203548
10 45 18.18% 0.132297
10 46 17.86% 0.230300
10 47 17.54% 0.162898
10 48 17.24% 0.752793
10 49 16.95% 0.069764
10 50 16.67% 0.221315
11 50 18.03% 0.192877
11 51 17.74% 0.377835
12 51 19.05% 0.227491
12 52 18.75% 0.059943
13 52 20.00% 0.211900
13 53 19.70% 0.038238
14 53 20.90% 0.520754
14 54 20.59% 0.037242
15 54 21.74% 0.300253
15 55 21.43% 0.103202
15 56 21.13% 0.650597
15 57 20.83% 0.080451
16 57 21.92% 0.234287
16 58 21.62% 0.090257
16 59 21.33% 0.410369
17 59 22.37% 0.454609
17 60 22.08% 0.058884
18 60 23.08% 0.609696
18 61 22.78% 0.130167
18 62 22.50% 0.111811
19 62 23.46% 0.306782
20 62 24.39% 0.369314
20 63 24.10% 0.389589
20 64 23.81% 0.185785
20 65 23.53% 0.117231
20 66 23.26% 0.180427
20 67 22.99% 0.488738
20 68 22.73% 0.082485
20 69 22.47% 0.270734
20 70 22.22% 0.211486
20 71 21.98% 0.175868
21 71 22.83% 0.247573
21 72 22.58% 0.385202
22 72 23.40% 0.660381
22 73 23.16% 0.064958
22 74 22.92% 0.411042
22 75 22.68% 0.265425
22 76 22.45% 0.039050
22 77 22.22% 0.032536
22 78 22.00% 0.289341
22 79 21.78% 0.248071
22 80 21.57% 0.289391
22 81 21.36% 0.112699
22 82 21.15% 0.121543
22 83 20.95% 0.323049
22 84 20.75% 0.078913
22 85 20.56% 0.144465
22 86 20.37% 0.083857
22 87 20.18% 0.148950
22 88 20.00% 0.167136
22 89 19.82% 0.088689
22 90 19.64% 0.355811
22 91 19.47% 0.278897
22 92 19.30% 0.077548
22 93 19.13% 0.136035
22 94 18.97% 0.157421
22 95 18.80% 0.184206
22 96 18.64% 0.075293
22 97 18.49% 0.146834
22 98 18.33% 0.053062
22 99 18.18% 0.087843
22 100 18.03% 0.140231
22 101 17.89% 0.603907
22 102 17.74% 0.127651
22 103 17.60% 0.121242
22 104 17.46% 0.127004
23 104 18.11% 0.182257
23 105 17.97% 0.279181
23 106 17.83% 0.097468
23 107 17.69% 0.201871
24 107 18.32% 0.221322
24 108 18.18% 0.072681
24 109 18.05% 0.110237
24 110 17.91% 0.048783
24 111 17.78% 0.077596
25 111 18.38% 0.329519
26 111 18.98% 0.270328
26 112 18.84% 0.054164
26 113 18.71% 0.074300
26 114 18.57% 0.126116
26 115 18.44% 0.360750
26 116 18.31% 0.144299
26 117 18.18% 0.286011
26 118 18.06% 0.408824
26 119 17.93% 0.287540
26 120 17.81% 0.255742
26 121 17.69% 0.172513
26 122 17.57% 0.260752
27 122 18.12% 0.235642
28 122 18.67% 0.255890
28 123 18.54% 0.044798
28 124 18.42% 0.045212
28 125 18.30% 0.099229
29 125 18.83% 0.230559
29 126 18.71% 0.042235
30 126 19.23% 0.172453
31 126 19.75% 0.333995
32 126 20.25% 0.290359
32 127 20.13% 0.313586
32 128 20.00% 0.037153
32 129 19.88% 0.110276
32 130 19.75% 0.088847
32 131 19.63% 0.120510
32 132 19.51% 0.221728
32 133 19.39% 0.132014
32 134 19.28% 0.043841
32 135 19.16% 0.082119
32 136 19.05% 0.137640
32 137 18.93% 0.078272
33 137 19.41% 0.211053
34 137 19.88% 0.165026
34 138 19.77% 0.092764
35 138 20.23% 0.197193
36 138 20.69% 0.195367
36 139 20.57% 0.123137
36 140 20.45% 0.132379
37 140 20.90% 0.154869
37 141 20.79% 0.079714
37 142 20.67% 0.223341
37 143 20.56% 0.071737
37 144 20.44% 0.042489
38 144 20.88% 0.079440
38 145 20.77% 0.046597
38 146 20.65% 0.052022
38 147 20.54% 0.053076
38 148 20.43% 0.032323
39 148 20.86% 0.079729
39 149 20.74% 0.071034
39 150 20.63% 0.049179
39 151 20.53% 0.024995
39 152 20.42% 0.048087
39 153 20.31% 0.024877
39 154 20.21% 0.058301
39 155 20.10% 0.025094
39 156 20.00% 0.028756
39 157 19.90% 0.029639
39 158 19.80% 0.050078
40 158 20.20% 0.084901
40 159 20.10% 0.044830
40 160 20.00% 0.026972
