10
1 0 10 16350 4 2 9 11 8 
2 0 16 149863 4 1 3 6 7 
6 0 13 15139 4 1 2 8 3 
9 0 6 6556 4 10 6 2 4 
2 0 1 201 4 10 12 6 1 
2 0 4 2093 4 6 9 4 3 
10 0 8 11571 4 11 5 12 6 
3 0 6 70 4 5 1 2 6 
1 0 3 480 4 4 2 6 7 
12 0 6 1351 4 3 1 7 8 
0
10
10 2 3 295 4 12 4 9 1 
12 2 7 955 4 11 10 3 1 
11 2 3 875 4 8 9 3 12 
2 2 15 34325 4 11 4 10 12 
12 2 9 61303 4 2 6 10 1 
5 2 9 14588 4 3 12 2 11 
5 2 10 815 4 10 6 12 3 
10 2 4 2467 4 1 12 7 9 
3 2 6 12044 4 1 4 8 10 
7 2 4 7188 4 1 10 12 4 
20
1 3 8 17239 4 4 11 9 10 
6 3 14 3478 4 3 12 7 8 
6 3 13 34516 4 4 2 12 5 
9 3 15 43097 4 7 12 11 4 
9 3 8 23170 4 3 2 8 1 
12 3 4 4675 4 10 3 9 5 
4 3 9 7724 4 12 6 2 9 
6 3 14 17000 4 4 8 11 5 
2 3 5 4716 4 10 4 11 5 
3 3 10 5562 4 5 8 10 11 
7 3 9 29703 4 3 11 6 12 
1 3 4 674 4 7 11 2 6 
4 3 18 9286 4 7 3 5 10 
9 3 11 10020 4 1 2 12 8 
12 3 7 3115 4 7 2 10 4 
11 3 6 1015 4 2 12 4 9 
12 3 8 15726 4 9 6 5 8 
9 3 7 8715 4 4 2 7 10 
3 3 8 34813 4 11 6 9 2 
3 3 5 2895 4 6 9 12 1 
10
5 4 9 1593 4 6 7 8 2 
9 4 8 22172 4 7 5 11 10 
4 4 17 45788 4 8 11 7 3 
1 4 8 6594 4 8 11 7 6 
10 4 12 22861 4 9 1 2 7 
3 4 16 34235 4 12 11 4 7 
7 4 11 14186 4 2 9 11 12 
5 4 7 1208 4 4 2 6 1 
2 4 19 2872 4 7 4 11 6 
11 4 7 9965 4 3 7 10 5 
10
2 5 8 4964 4 7 12 3 11 
12 5 6 4887 4 1 4 5 11 
8 5 10 9665 4 1 6 12 5 
4 5 13 33356 4 8 7 3 11 
6 5 8 4300 4 11 2 5 7 
3 5 9 2911 4 9 2 5 10 
11 5 8 7653 4 7 5 1 6 
4 5 14 6225 4 8 9 2 3 
4 5 7 15519 4 12 10 3 1 
8 5 10 9472 4 4 5 11 3 
0
0
20
11 8 10 2022 4 9 5 1 4 
11 8 16 38023 4 6 12 8 4 
7 8 11 4180 4 9 6 10 4 
8 8 10 9739 4 7 11 3 12 
7 8 14 142 4 12 3 2 10 
1 8 9 3044 4 10 11 9 7 
2 8 17 4868 4 11 5 3 7 
8 8 9 13280 4 6 3 9 4 
5 8 19 3556 4 8 6 3 7 
3 8 11 2173 4 7 11 12 8 
1 8 17 7382 4 3 4 6 7 
1 8 11 18971 4 7 2 4 12 
7 8 12 1917 4 12 11 9 2 
5 8 10 2173 4 7 11 9 8 
10 8 19 37617 4 2 1 8 5 
10 8 19 5316 4 7 1 5 8 
4 8 10 6623 4 3 5 12 10 
2 8 16 1399 4 7 4 12 9 
12 8 9 280 4 4 6 5 8 
6 8 13 18173 4 5 2 7 12 
10
7 9 13 987 4 2 11 6 8 
6 9 14 3577 4 2 10 9 11 
4 9 18 29977 4 6 2 5 11 
5 9 17 28035 4 2 4 12 7 
11 9 14 27252 4 12 5 4 10 
10 9 18 49878 4 6 7 8 1 
5 9 19 21597 4 8 2 9 12 
7 9 13 16151 4 9 2 1 4 
5 9 13 3862 4 4 12 6 3 
3 9 12 4972 4 9 7 1 2 
20
10 10 18 47532 4 5 4 12 1 
10 10 13 121 4 7 9 2 12 
10 10 17 12081 4 6 12 4 11 
6 10 19 14881 4 11 9 5 3 
10 10 12 12202 4 2 12 6 4 
11 10 16 6573 4 8 4 1 10 
8 10 13 1177 4 12 1 2 6 
8 10 11 9901 4 2 6 10 5 
7 10 11 1141 4 12 1 2 11 
7 10 18 21189 4 5 4 1 11 
8 10 15 11424 4 11 6 4 1 
3 10 14 1026 4 2 8 11 1 
8 10 11 2444 4 10 9 3 6 
6 10 15 62392 4 9 3 4 1 
3 10 17 39635 4 4 11 8 5 
5 10 12 10734 4 3 12 6 2 
7 10 14 5760 4 11 8 10 2 
1 10 11 647 4 6 5 4 7 
9 10 16 26032 4 10 8 1 3 
12 10 17 25890 4 2 6 7 9 
0
10
12 12 15 43261 4 4 11 5 2 
9 12 16 3738 4 8 3 6 4 
2 12 19 36244 4 9 11 7 4 
2 12 15 29308 4 11 5 9 8 
10 12 17 26607 4 2 5 8 7 
3 12 15 6855 4 12 7 11 1 
12 12 16 9865 4 3 9 8 7 
8 12 13 7511 4 10 5 12 6 
4 12 15 17604 4 3 5 2 7 
12 12 13 6508 4 2 8 10 6 
20
5 13 14 4274 4 8 1 3 12 
8 13 17 27827 4 12 1 5 4 
5 13 19 8146 4 6 2 3 4 
3 13 14 1274 4 2 5 9 4 
10 13 18 26363 4 9 4 2 12 
8 13 14 2965 4 3 10 4 9 
5 13 17 741 4 11 8 7 1 
11 13 18 13939 4 9 10 6 1 
3 13 14 4410 4 2 6 7 12 
1 13 17 11921 4 9 6 2 10 
8 13 15 3762 4 9 6 7 5 
9 13 15 13606 4 5 11 7 3 
4 13 16 20803 4 11 6 1 10 
8 13 14 1196 4 9 1 2 5 
9 13 15 2332 4 2 12 8 4 
10 13 17 931 4 11 4 8 6 
5 13 18 594 4 8 11 10 3 
5 13 15 9289 4 6 11 10 2 
3 13 14 9027 4 4 7 9 2 
6 13 18 13026 4 3 4 12 5 
10
2 14 17 2276 4 8 7 3 1 
3 14 16 6255 4 4 10 6 5 
7 14 18 6771 4 10 11 5 12 
1 14 19 8397 4 6 9 2 5 
3 14 17 4045 4 1 8 5 2 
3 14 18 22378 4 12 11 7 2 
3 14 17 14621 4 4 11 12 8 
6 14 18 1786 4 5 4 11 3 
5 14 16 51 4 2 7 9 1 
12 14 16 944 4 9 7 5 10 
10
6 15 16 5920 4 9 2 4 3 
9 15 16 20681 4 2 7 6 1 
7 15 16 5474 4 10 12 6 1 
11 15 19 1280 4 6 1 10 9 
9 15 16 12014 4 12 5 1 2 
2 15 16 248 4 12 6 1 8 
4 15 18 1674 4 6 12 1 5 
9 15 19 1018 4 8 12 5 2 
11 15 18 4204 4 9 12 4 10 
6 15 16 3583 4 8 10 9 12 
0
20
7 17 18 3739 4 9 5 6 11 
7 17 18 6987 4 6 12 11 5 
12 17 19 10388 4 10 1 5 8 
3 17 19 8645 4 4 12 6 9 
9 17 19 9474 4 3 2 1 5 
10 17 18 17325 4 2 8 1 9 
4 17 18 4109 4 9 2 10 12 
3 17 18 476 4 2 1 5 10 
4 17 18 3987 4 1 5 11 12 
8 17 19 864 4 7 11 10 4 
11 17 19 1070 4 9 5 12 7 
4 17 18 4718 4 11 9 7 3 
9 17 19 399 4 6 12 10 2 
10 17 19 2857 4 2 3 1 11 
1 17 19 8478 4 10 7 4 6 
8 17 19 7811 4 2 6 4 3 
11 17 18 285 4 9 10 6 5 
9 17 18 1186 4 10 8 11 2 
7 17 19 1615 4 6 5 11 4 
11 17 18 1919 4 3 5 10 9 
0
20
8 19 19 5401 4 5 1 4 9 
4 19 19 247 4 5 6 8 7 
3 19 19 1828 4 12 6 10 9 
2 19 19 2389 4 11 4 6 7 
4 19 19 2056 4 10 9 3 12 
11 19 19 4149 4 1 6 12 2 
9 19 19 1585 4 12 6 7 10 
1 19 19 128 4 6 7 9 4 
12 19 19 2111 4 7 6 4 5 
10 19 19 2342 4 8 11 12 2 
2 19 19 3799 4 6 12 4 10 
6 19 19 4728 4 4 5 2 3 
7 19 19 1464 4 2 9 10 11 
12 19 19 3564 4 9 1 7 4 
5 19 19 5014 4 12 9 2 3 
12 19 19 2919 4 7 11 2 1 
2 19 19 762 4 4 9 10 1 
3 19 19 79 4 11 12 10 5 
7 19 19 1441 4 1 9 2 3 
2 19 19 220 4 10 6 11 12 
