0 1 0.00% 0.677639
1 1 50.00% 0.123763
1 2 33.33% 0.756212
2 2 50.00% 0.116935
2 3 40.00% 0.350645
3 3 50.00% 0.445227
3 4 42.86% 0.648309
4 4 50.00% 0.366844
4 5 44.44% 0.585539
5 5 50.00% 0.222456
5 6 45.45% 0.115802
5 7 41.67% 1.185370
5 8 38.46% 0.113280
6 8 42.86% 0.335866
7 8 46.67% 0.608434
7 9 43.75% 0.292910
7 10 41.18% 0.439429
7 11 38.89% 0.096297
7 12 36.84% 0.145248
8 12 40.00% 0.201778
9 12 42.86% 0.460770
9 13 40.91% 0.066820
9 14 39.13% 0.364468
9 15 37.50% 0.071874
9 16 36.00% 0.462284
10 16 38.46% 0.322016
11 16 40.74% 0.671027
11 17 39.29% 0.213765
11 18 37.93% 0.126087
11 19 36.67% 0.102900
11 20 35.48% 0.172381
11 21 34.38% 0.250719
11 22 33.33% 0.531450
11 23 32.35% 0.152303
12 23 34.29% 0.505520
13 23 36.11% 0.406222
13 24 35.14% 0.080110
13 25 34.21% 0.080840
13 26 33.33% 0.096644
13 27 32.50% 0.060861
13 28 31.71% 0.100792
13 29 30.95% 0.570423
13 30 30.23% 0.205993
13 31 29.55% 0.340964
14 31 31.11% 0.440904
14 32 30.43% 0.039620
14 33 29.79% 0.301262
14 34 29.17% 0.130319
14 35 28.57% 0.154698
14 36 28.00% 0.249067
15 36 29.41% 0.174976
16 36 30.77% 0.367857
16 37 30.19% 0.115037
16 38 29.63% 0.160887
17 38 30.91% 0.344349
17 39 30.36% 0.182164
18 39 31.58% 0.328467
18 40 31.03% 0.271280
18 41 30.51% 0.224577
18 42 30.00% 0.055983
19 42 31.15% 0.175296
20 42 32.26% 0.194828
20 43 31.75% 0.082841
21 43 32.81% 0.238363
21 44 32.31% 0.089738
21 45 31.82% 0.238031
21 46 31.34% 0.085051
21 47 30.88% 0.110508
21 48 30.43% 0.187680
21 49 30.00% 0.088553
22 49 30.99% 0.138147
23 49 31.94% 0.198113
23 50 31.51% 0.271840
23 51 31.08% 0.118766
24 51 32.00% 0.253328
25 51 32.89% 0.275872
26 51 33.77% 0.266992
26 52 33.33% 0.154383
26 53 32.91% 0.044874
26 54 32.50% 0.182524
27 54 33.33% 0.158858
27 55 32.93% 0.101165
28 55 33.73% 0.165138
28 56 33.33% 0.288332
28 57 32.94% 0.179203
29 57 33.72% 0.253837
30 57 34.48% 0.165924
31 57 35.23% 0.179252
31 58 34.83% 0.038155
32 58 35.56% 0.146321
32 59 35.16% 0.079818
33 59 35.87% 0.167479
34 59 36.56% 0.147006
34 60 36.17% 0.146659
34 61 35.79% 0.112866
34 62 35.42% 0.044739
34 63 35.05% 0.039156
34 64 34.69% 0.072905
34 65 34.34% 0.074978
34 66 34.00% 0.075843
