7 18 5
1 2 3 8 
1 2 3 8 
1 2 3 16 10 
1 2 3 17 12 
1 3 5 
1 3 5 
1 3 1 14 
1 4 3 16 
1 4 3 8 9 
1 4 3 16 
1 4 3 17 12 9 
1 5 3 
1 5 3 
1 6 1 
1 6 5 13 
1 6 1 
1 7 3 17 
1 7 3 8 11 
1 7 3 16 10 11 
1 7 3 17 
2 1 7 4 
2 1 9 15 4 
2 1 7 4 
2 1 11 18 4 
2 3 7 4 5 
2 3 9 15 4 5 
2 3 9 15 4 1 14 
2 3 7 4 5 
2 3 7 4 1 14 
2 4 9 
2 4 9 
2 4 7 16 
2 4 11 18 16 
2 5 7 
2 5 9 15 
2 5 7 
2 5 11 18 
2 6 7 4 1 
2 6 9 15 4 5 13 
2 6 9 15 4 1 
2 6 7 4 5 13 
2 6 7 4 1 
2 7 11 
2 7 9 15 17 
2 7 7 17 
2 7 11 
3 1 6 
3 1 6 
3 1 13 2 
3 2 6 3 8 
3 2 6 3 8 
3 2 6 3 16 10 
3 2 6 3 17 12 
3 2 13 2 3 8 
3 4 6 3 16 
3 4 6 3 8 9 
3 4 6 3 16 
3 4 6 3 17 12 9 
3 4 13 2 3 8 9 
3 5 6 3 
3 5 6 3 
3 5 13 2 3 
3 6 13 
3 6 6 1 
3 6 13 
3 7 6 3 17 
3 7 6 3 8 11 
3 7 6 3 16 10 11 
3 7 6 3 17 
3 7 13 2 3 8 11 
4 1 15 4 
4 1 10 7 4 
4 1 10 11 18 4 
4 1 15 4 
4 2 10 
4 2 10 
4 2 15 8 
4 2 15 17 12 
4 3 15 4 5 
4 3 10 7 4 5 
4 3 10 7 4 1 14 
4 3 10 11 18 4 5 
4 3 10 11 18 4 1 14 
4 5 15 
4 5 10 7 
4 5 10 11 18 
4 5 15 
4 6 15 4 1 
4 6 10 7 4 5 13 
4 6 10 7 4 1 
4 6 10 11 18 4 5 13 
4 6 10 11 18 4 1 
4 7 10 11 
4 7 15 17 
4 7 10 7 17 
4 7 10 11 
4 7 15 8 11 
5 1 4 
5 1 4 
5 2 8 
5 2 8 
5 2 16 10 
5 2 17 12 
5 3 4 5 
5 3 4 5 
5 3 4 1 14 
5 4 16 
5 4 8 9 
5 4 16 
5 4 17 12 9 
5 6 4 1 
5 6 4 5 13 
5 6 4 1 
5 7 17 
5 7 8 11 
5 7 16 10 11 
5 7 17 
6 1 2 
6 1 2 
6 1 14 6 
6 2 2 3 8 
6 2 2 3 8 
6 2 2 3 16 10 
6 2 2 3 17 12 
6 2 14 6 3 8 
6 3 14 
6 3 2 5 
6 3 14 
6 4 2 3 16 
6 4 2 3 8 9 
6 4 2 3 16 
6 4 2 3 17 12 9 
6 4 14 6 3 8 9 
6 5 2 3 
6 5 2 3 
6 5 14 6 3 
6 7 2 3 17 
6 7 2 3 8 11 
6 7 2 3 16 10 11 
6 7 2 3 17 
6 7 14 6 3 8 11 
7 1 18 4 
7 1 12 9 15 4 
7 1 12 7 4 
7 1 18 4 
7 2 12 
7 2 12 
7 2 18 8 
7 2 18 16 10 
7 3 18 4 5 
7 3 12 9 15 4 5 
7 3 12 9 15 4 1 14 
7 3 12 7 4 5 
7 3 12 7 4 1 14 
7 4 12 9 
7 4 18 16 
7 4 12 9 
7 4 12 7 16 
7 4 18 8 9 
7 5 18 
7 5 12 9 15 
7 5 12 7 
7 5 18 
7 6 18 4 1 
7 6 12 9 15 4 5 13 
7 6 12 9 15 4 1 
7 6 12 7 4 5 13 
7 6 12 7 4 1 
