1 0 100.00% 2.621489
2 0 100.00% 8.836819
2 1 66.67% 8.775142
2 2 50.00% 11.445654
3 2 60.00% 2.608140
3 3 50.00% 4.490618
4 3 57.14% 1.786700
5 3 62.50% 1.732149
5 4 55.56% 6.970323
5 5 50.00% 10.582107
5 6 45.45% 14.997738
5 7 41.67% 3.553594
5 8 38.46% 2.620026
5 9 35.71% 8.963901
6 9 40.00% 8.483464
6 10 37.50% 3.504563
7 10 41.18% 4.440320
7 11 38.89% 8.110519
8 11 42.11% 5.277344
9 11 45.00% 7.056200
9 12 42.86% 4.412312
9 13 40.91% 13.308739
9 14 39.13% 3.489179
9 15 37.50% 8.761210
9 16 36.00% 6.230781
10 16 38.46% 5.289566
11 16 40.74% 5.243917
12 16 42.86% 6.115193
13 16 44.83% 6.365138
13 17 43.33% 10.571766
13 18 41.94% 4.526755
13 19 40.62% 9.671442
13 20 39.39% 8.717326
13 21 38.24% 4.366103
14 21 40.00% 2.629448
14 22 38.89% 2.940058
14 23 37.84% 2.679675
15 23 39.47% 4.422362
15 24 38.46% 1.750534
15 25 37.50% 7.969954
15 26 36.59% 8.862468
15 27 35.71% 2.626271
15 28 34.88% 4.366249
15 29 34.09% 1.751139
15 30 33.33% 5.214776
16 30 34.78% 10.491747
16 31 34.04% 9.018650
16 32 33.33% 3.456697
16 33 32.65% 10.482963
16 34 32.00% 2.417961
16 35 31.37% 5.355397
16 36 30.77% 10.507857
16 37 30.19% 4.411908
17 37 31.48% 4.392452
17 38 30.91% 7.036063
17 39 30.36% 8.919941
18 39 31.58% 9.691755
19 39 32.76% 7.417820
20 39 33.90% 5.679055
20 40 33.33% 10.728930
20 41 32.79% 3.341659
20 42 32.26% 4.880310
20 43 31.75% 9.171051
20 44 31.25% 8.328105
20 45 30.77% 6.726542
20 46 30.30% 3.861755
21 46 31.34% 5.499400
21 47 30.88% 5.013206
22 47 31.88% 10.347618
22 48 31.43% 2.765029
22 49 30.99% 6.702198
22 50 30.56% 1.804075
22 51 30.14% 9.512538
22 52 29.73% 9.313127
22 53 29.33% 6.867720
22 54 28.95% 8.307307
22 55 28.57% 5.787086
22 56 28.21% 8.390201
22 57 27.85% 8.184302
23 57 28.75% 8.752824
23 58 28.40% 3.128445
23 59 28.05% 5.820051
23 60 27.71% 5.353388
23 61 27.38% 5.599796
23 62 27.06% 2.053442
23 63 26.74% 4.993287
23 64 26.44% 3.591055
24 64 27.27% 2.693706
24 65 26.97% 2.718298
24 66 26.67% 6.377989
24 67 26.37% 3.854274
24 68 26.09% 4.704867
24 69 25.81% 2.875503
24 70 25.53% 2.818557
24 71 25.26% 1.781266
24 72 25.00% 4.572362
24 73 24.74% 5.638908
24 74 24.49% 1.882328
24 75 24.24% 1.981701
24 76 24.00% 6.804083
24 77 23.76% 4.578181
24 78 23.53% 4.573120
24 79 23.30% 3.620153
24 80 23.08% 1.824097
25 80 23.81% 3.759177
26 80 24.53% 3.704280
26 81 24.30% 3.404339
26 82 24.07% 4.405292
26 83 23.85% 2.893690
26 84 23.64% 1.969317
26 85 23.42% 3.865561
26 86 23.21% 2.952532
26 87 23.01% 1.904407
26 88 22.81% 4.066233
27 88 23.48% 3.765811
27 89 23.28% 2.041266
27 90 23.08% 3.177799
27 91 22.88% 4.551553
27 92 22.69% 3.659620
27 93 22.50% 1.985819
27 94 22.31% 3.008532
28 94 22.95% 2.554320
28 95 22.76% 2.787117
28 96 22.58% 1.999850
28 97 22.40% 3.192586
28 98 22.22% 2.875021
28 99 22.05% 0.903131
28 100 21.88% 1.032973
28 101 21.71% 1.034178
28 102 21.54% 1.070631
28 103 21.37% 0.989180
28 104 21.21% 0.955236
28 105 21.05% 0.961267
