1 0 100.00% 0.164470
2 0 100.00% 0.244498
2 1 66.67% 0.622845
2 2 50.00% 0.798148
3 2 60.00% 0.158538
3 3 50.00% 0.121983
4 3 57.14% 0.124493
4 4 50.00% 0.161987
5 4 55.56% 0.481005
6 4 60.00% 0.817062
6 5 54.55% 0.447872
6 6 50.00% 0.114061
6 7 46.15% 0.157390
6 8 42.86% 0.266691
7 8 46.67% 0.550465
7 9 43.75% 0.215365
7 10 41.18% 0.123862
7 11 38.89% 0.227175
8 11 42.11% 0.263449
9 11 45.00% 0.418187
9 12 42.86% 0.131199
9 13 40.91% 0.435561
9 14 39.13% 0.320971
9 15 37.50% 0.546046
9 16 36.00% 0.159585
9 17 34.62% 0.272428
9 18 33.33% 0.430568
9 19 32.14% 0.503892
10 19 34.48% 0.354941
10 20 33.33% 0.546983
10 21 32.26% 0.117301
10 22 31.25% 0.243908
10 23 30.30% 0.486354
10 24 29.41% 0.126895
10 25 28.57% 0.204984
10 26 27.78% 0.119328
10 27 27.03% 0.232702
11 27 28.95% 0.393698
11 28 28.21% 0.080466
11 29 27.50% 0.205065
11 30 26.83% 0.709206
11 31 26.19% 0.068933
11 32 25.58% 0.246435
11 33 25.00% 0.044045
11 34 24.44% 0.162521
12 34 26.09% 0.825498
12 35 25.53% 0.277621
12 36 25.00% 0.304576
12 37 24.49% 0.357438
12 38 24.00% 0.095656
12 39 23.53% 0.302965
12 40 23.08% 0.496711
12 41 22.64% 0.108811
12 42 22.22% 0.353536
12 43 21.82% 0.209765
12 44 21.43% 0.468661
13 44 22.81% 0.466508
14 44 24.14% 0.331986
14 45 23.73% 0.374164
14 46 23.33% 0.173420
14 47 22.95% 0.064517
14 48 22.58% 0.106906
14 49 22.22% 0.224322
15 49 23.44% 0.609761
15 50 23.08% 0.288687
15 51 22.73% 0.154346
16 51 23.88% 0.287097
16 52 23.53% 0.115655
17 52 24.64% 0.597084
17 53 24.29% 0.061450
17 54 23.94% 0.359523
17 55 23.61% 0.042087
17 56 23.29% 0.108346
17 57 22.97% 0.503565
17 58 22.67% 0.114089
18 58 23.68% 0.472411
18 59 23.38% 0.100919
18 60 23.08% 0.548915
18 61 22.78% 0.174381
19 61 23.75% 0.407184
19 62 23.46% 0.211530
19 63 23.17% 0.352984
19 64 22.89% 0.426617
19 65 22.62% 0.177780
19 66 22.35% 0.156401
19 67 22.09% 0.130863
20 67 22.99% 0.327221
20 68 22.73% 0.246461
20 69 22.47% 0.275657
20 70 22.22% 0.185809
20 71 21.98% 0.274439
20 72 21.74% 0.134542
20 73 21.51% 0.241205
20 74 21.28% 0.186213
20 75 21.05% 0.111485
21 75 21.88% 0.396352
21 76 21.65% 0.233911
21 77 21.43% 0.058001
21 78 21.21% 0.053625
21 79 21.00% 0.135983
21 80 20.79% 0.300349
21 81 20.59% 0.123272
21 82 20.39% 0.136109
21 83 20.19% 0.052059
22 83 20.95% 0.184059
23 83 21.70% 0.237302
23 84 21.50% 0.053056
23 85 21.30% 0.256436
23 86 21.10% 0.166422
23 87 20.91% 0.085618
23 88 20.72% 0.165665
23 89 20.54% 0.141842
24 89 21.24% 0.181395
25 89 21.93% 0.335719
26 89 22.61% 0.226792
26 90 22.41% 0.107021
26 91 22.22% 0.137842
26 92 22.03% 0.157422
26 93 21.85% 0.076706
27 93 22.50% 0.182373
27 94 22.31% 0.132433
28 94 22.95% 0.170215
28 95 22.76% 0.136247
28 96 22.58% 0.045910
28 97 22.40% 0.229991
28 98 22.22% 0.125354
28 99 22.05% 0.079041
28 100 21.88% 0.089617
28 101 21.71% 0.090830
28 102 21.54% 0.075805
29 102 22.14% 0.104867
30 102 22.73% 0.112367
30 103 22.56% 0.093278
