1 0 100.00% 9.631152
2 0 100.00% 29.425546
2 1 66.67% 38.143156
2 2 50.00% 41.891395
3 2 60.00% 8.639324
3 3 50.00% 14.477082
4 3 57.14% 5.763892
4 4 50.00% 5.802524
5 4 55.56% 23.866238
5 5 50.00% 36.513824
5 6 45.45% 57.002194
5 7 41.67% 11.589618
5 8 38.46% 8.643679
5 9 35.71% 29.423077
6 9 40.00% 27.104112
6 10 37.50% 11.608314
7 10 41.18% 14.399165
7 11 38.89% 26.530052
8 11 42.11% 17.531611
9 11 45.00% 23.484016
9 12 42.86% 14.462978
9 13 40.91% 45.568626
9 14 39.13% 11.609075
9 15 37.50% 30.274597
9 16 36.00% 20.336649
10 16 38.46% 17.324842
11 16 40.74% 17.435890
12 16 42.86% 20.304104
12 17 41.38% 20.355560
12 18 40.00% 35.813310
12 19 38.71% 14.833332
12 20 37.50% 33.205036
12 21 36.36% 29.626590
12 22 35.29% 14.429174
12 23 34.29% 8.648171
12 24 33.33% 8.670412
12 25 32.43% 8.660121
13 25 34.21% 14.390823
13 26 33.33% 5.753574
13 27 32.50% 26.362340
13 28 31.71% 33.692880
13 29 30.95% 8.604042
13 30 30.23% 14.455954
13 31 29.55% 5.795199
13 32 28.89% 17.226288
14 32 30.43% 37.484272
14 33 29.79% 29.322554
14 34 29.17% 11.457864
14 35 28.57% 35.570636
14 36 28.00% 5.729178
14 37 27.45% 17.452226
14 38 26.92% 35.702076
14 39 26.42% 14.556524
14 40 25.93% 14.414839
14 41 25.45% 23.149430
14 42 25.00% 29.992835
14 43 24.56% 28.541862
14 44 24.14% 22.291541
15 44 25.42% 19.014867
15 45 25.00% 24.399835
15 46 24.59% 10.020682
15 47 24.19% 15.749403
15 48 23.81% 32.335395
16 48 25.00% 24.991088
16 49 24.62% 21.809441
16 50 24.24% 12.411164
17 50 25.37% 16.240903
17 51 25.00% 16.589282
18 51 26.09% 33.595789
18 52 25.71% 11.080376
19 52 26.76% 22.802851
19 53 26.39% 6.006462
19 54 26.03% 19.063113
19 55 25.68% 30.899884
19 56 25.33% 20.505386
19 57 25.00% 28.274995
19 58 24.68% 19.065463
19 59 24.36% 31.488438
19 60 24.05% 27.141392
20 60 25.00% 27.860829
20 61 24.69% 8.923528
20 62 24.39% 18.393209
20 63 24.10% 19.537506
20 64 23.81% 18.798426
20 65 23.53% 6.191898
20 66 23.26% 15.617537
20 67 22.99% 12.458069
20 68 22.73% 8.772556
20 69 22.47% 8.725453
20 70 22.22% 21.477302
20 71 21.98% 12.816903
20 72 21.74% 16.383998
20 73 21.51% 9.103409
20 74 21.28% 8.923747
20 75 21.05% 5.874647
20 76 20.83% 14.730066
20 77 20.62% 18.137099
20 78 20.41% 6.124029
20 79 20.20% 6.714513
20 80 20.00% 14.926809
20 81 19.80% 16.236097
20 82 19.61% 15.443137
20 83 19.42% 14.578010
20 84 19.23% 5.877033
21 84 20.00% 12.777697
21 85 19.81% 12.145335
21 86 19.63% 10.644552
21 87 19.44% 12.056013
21 88 19.27% 9.772795
21 89 19.09% 6.712589
21 90 18.92% 13.432001
21 91 18.75% 9.713797
21 92 18.58% 7.026537
21 93 18.42% 12.114508
22 93 19.13% 13.163179
22 94 18.97% 7.083503
22 95 18.80% 9.762927
23 95 19.49% 13.370390
23 96 19.33% 9.582157
23 97 19.17% 6.759870
23 98 19.01% 9.534026
23 99 18.85% 6.626154
23 100 18.70% 8.972323
23 101 18.55% 6.014689
23 102 18.40% 10.786983
23 103 18.25% 9.466865
23 104 18.11% 3.058238
23 105 17.97% 2.997837
23 106 17.83% 3.173545
23 107 17.69% 3.756131
23 108 17.56% 3.276685
23 109 17.42% 3.042726
24 109 18.05% 3.052570
