1 1 0 100.00%
2 1 1 50.00%
3 2 1 66.67%
4 3 1 75.00%
5 4 1 80.00%
6 5 1 83.33%
7 5 2 71.43%
8 6 2 75.00%
9 7 2 77.78%
10 8 2 80.00%
11 9 2 81.82%
12 10 2 83.33%
13 11 2 84.62%
14 12 2 85.71%
15 13 2 86.67%
16 14 2 87.50%
17 14 3 82.35%
18 14 4 77.78%
19 14 5 73.68%
20 14 6 70.00%
21 14 7 66.67%
22 14 8 63.64%
23 14 9 60.87%
24 14 10 58.33%
25 14 11 56.00%
26 14 12 53.85%
27 14 13 51.85%
28 14 14 50.00%
29 14 15 48.28%
30 14 16 46.67%
31 14 17 45.16%
32 14 18 43.75%
33 14 19 42.42%
34 15 19 44.12%
35 16 19 45.71%
36 17 19 47.22%
37 17 20 45.95%
38 18 20 47.37%
39 18 21 46.15%
40 18 22 45.00%
41 18 23 43.90%
42 18 24 42.86%
43 19 24 44.19%
44 19 25 43.18%
45 19 26 42.22%
46 19 27 41.30%
47 20 27 42.55%
48 20 28 41.67%
49 20 29 40.82%
50 21 29 42.00%
51 21 30 41.18%
52 21 31 40.38%
53 21 32 39.62%
54 21 33 38.89%
55 21 34 38.18%
56 22 34 39.29%
57 22 35 38.60%
58 22 36 37.93%
59 22 37 37.29%
60 23 37 38.33%
61 23 38 37.70%
62 24 38 38.71%
63 24 39 38.10%
64 24 40 37.50%
65 25 40 38.46%
66 25 41 37.88%
67 25 42 37.31%
68 26 42 38.24%
69 26 43 37.68%
70 26 44 37.14%
71 26 45 36.62%
72 27 45 37.50%
73 28 45 38.36%
74 28 46 37.84%
75 29 46 38.67%
76 30 46 39.47%
77 30 47 38.96%
78 30 48 38.46%
79 31 48 39.24%
80 31 49 38.75%
81 32 49 39.51%
82 33 49 40.24%
83 33 50 39.76%
84 34 50 40.48%
85 34 51 40.00%
86 34 52 39.53%
87 34 53 39.08%
88 34 54 38.64%
89 34 55 38.20%
90 35 55 38.89%
91 35 56 38.46%
92 36 56 39.13%
93 36 57 38.71%
94 36 58 38.30%
95 36 59 37.89%
96 37 59 38.54%
97 37 60 38.14%
98 38 60 38.78%
99 39 60 39.39%
100 39 61 39.00%
101 39 62 38.61%
102 39 63 38.24%
103 40 63 38.83%
104 40 64 38.46%
105 40 65 38.10%
106 41 65 38.68%
107 41 66 38.32%
108 41 67 37.96%
109 41 68 37.61%
110 42 68 38.18%
111 42 69 37.84%
112 43 69 38.39%
113 44 69 38.94%
114 45 69 39.47%
115 45 70 39.13%
116 45 71 38.79%
117 45 72 38.46%
118 45 73 38.14%
119 45 74 37.82%
120 46 74 38.33%
121 47 74 38.84%
122 47 75 38.52%
123 48 75 39.02%
124 49 75 39.52%
125 50 75 40.00%
126 50 76 39.68%
127 51 76 40.16%
128 52 76 40.62%
129 52 77 40.31%
130 52 78 40.00%
131 53 78 40.46%
132 53 79 40.15%
133 54 79 40.60%
134 55 79 41.04%
135 55 80 40.74%
136 55 81 40.44%
137 55 82 40.15%
138 55 83 39.86%
139 55 84 39.57%
140 56 84 40.00%
141 57 84 40.43%
142 57 85 40.14%
143 58 85 40.56%
144 58 86 40.28%
145 58 87 40.00%
146 58 88 39.73%
147 58 89 39.46%
148 58 90 39.19%
149 59 90 39.60%
150 59 91 39.33%
151 59 92 39.07%
152 59 93 38.82%
153 59 94 38.56%
154 59 95 38.31%
155 59 96 38.06%
156 60 96 38.46%
157 61 96 38.85%
158 61 97 38.61%
159 61 98 38.36%
160 61 99 38.12%
161 61 100 37.89%
162 62 100 38.27%
163 62 101 38.04%
164 63 101 38.41%
165 63 102 38.18%
166 63 103 37.95%
167 64 103 38.32%
168 65 103 38.69%
169 65 104 38.46%
170 66 104 38.82%
171 66 105 38.60%
172 66 106 38.37%
173 66 107 38.15%
174 67 107 38.51%
175 67 108 38.29%
176 67 109 38.07%
177 67 110 37.85%
178 68 110 38.20%
179 68 111 37.99%
180 68 112 37.78%
181 69 112 38.12%
182 70 112 38.46%
183 70 113 38.25%
184 71 113 38.59%
185 72 113 38.92%
186 73 113 39.25%
187 73 114 39.04%
188 74 114 39.36%
189 75 114 39.68%
190 75 115 39.47%
191 76 115 39.79%
192 76 116 39.58%
193 76 117 39.38%
194 76 118 39.18%
195 76 119 38.97%
196 76 120 38.78%
197 76 121 38.58%
198 76 122 38.38%
199 76 123 38.19%
200 76 124 38.00%
201 76 125 37.81%
202 76 126 37.62%
203 76 127 37.44%
204 76 128 37.25%
205 77 128 37.56%
206 78 128 37.86%
207 79 128 38.16%
208 79 129 37.98%
209 79 130 37.80%
210 79 131 37.62%
211 79 132 37.44%
212 79 133 37.26%
213 80 133 37.56%
214 80 134 37.38%
215 80 135 37.21%
216 80 136 37.04%
217 81 136 37.33%
218 81 137 37.16%
219 81 138 36.99%
220 81 139 36.82%
221 81 140 36.65%
222 82 140 36.94%
223 82 141 36.77%
224 82 142 36.61%
225 82 143 36.44%
226 82 144 36.28%
227 82 145 36.12%
228 83 145 36.40%
229 83 146 36.24%
230 83 147 36.09%
231 83 148 35.93%
232 83 149 35.78%
233 83 150 35.62%
234 83 151 35.47%
235 84 151 35.74%
236 85 151 36.02%
237 85 152 35.86%
238 86 152 36.13%
239 86 153 35.98%
240 86 154 35.83%
241 87 154 36.10%
242 87 155 35.95%
243 87 156 35.80%
244 87 157 35.66%
245 88 157 35.92%
246 89 157 36.18%
247 90 157 36.44%
248 90 158 36.29%
249 91 158 36.55%
250 92 158 36.80%
251 92 159 36.65%
252 92 160 36.51%
253 92 161 36.36%
254 93 161 36.61%
255 94 161 36.86%
256 94 162 36.72%
257 94 163 36.58%
258 95 163 36.82%
259 95 164 36.68%
260 96 164 36.92%
261 96 165 36.78%
262 96 166 36.64%
263 96 167 36.50%
264 96 168 36.36%
265 96 169 36.23%
266 96 170 36.09%
267 96 171 35.96%
268 96 172 35.82%
269 96 173 35.69%
270 97 173 35.93%
271 97 174 35.79%
272 98 174 36.03%
273 98 175 35.90%
274 98 176 35.77%
275 98 177 35.64%
276 98 178 35.51%
277 99 178 35.74%
278 99 179 35.61%
279 100 179 35.84%
280 100 180 35.71%
281 100 181 35.59%
282 100 182 35.46%
283 100 183 35.34%
284 100 184 35.21%
285 101 184 35.44%
286 101 185 35.31%
287 101 186 35.19%
288 101 187 35.07%
289 101 188 34.95%
290 102 188 35.17%
291 102 189 35.05%
292 102 190 34.93%
293 102 191 34.81%
294 103 191 35.03%
295 103 192 34.92%
296 103 193 34.80%
297 103 194 34.68%
298 103 195 34.56%
299 103 196 34.45%
300 104 196 34.67%
301 104 197 34.55%
302 104 198 34.44%
303 104 199 34.32%
304 104 200 34.21%
305 104 201 34.10%
306 104 202 33.99%
307 104 203 33.88%
308 104 204 33.77%
309 104 205 33.66%
310 104 206 33.55%
311 105 206 33.76%
312 105 207 33.65%
313 105 208 33.55%
314 106 208 33.76%
315 107 208 33.97%
316 108 208 34.18%
317 108 209 34.07%
318 109 209 34.28%
319 109 210 34.17%
320 110 210 34.38%
321 110 211 34.27%
322 110 212 34.16%
323 110 213 34.06%
324 110 214 33.95%
325 110 215 33.85%
326 110 216 33.74%
327 110 217 33.64%
328 110 218 33.54%
329 110 219 33.43%
330 110 220 33.33%
331 110 221 33.23%
332 111 221 33.43%
333 111 222 33.33%
334 112 222 33.53%
335 113 222 33.73%
336 113 223 33.63%
337 113 224 33.53%
338 113 225 33.43%
339 114 225 33.63%
340 114 226 33.53%
341 114 227 33.43%
342 115 227 33.63%
343 115 228 33.53%
344 115 229 33.43%
345 115 230 33.33%
346 115 231 33.24%
347 116 231 33.43%
348 116 232 33.33%
349 116 233 33.24%
350 116 234 33.14%
351 116 235 33.05%
352 116 236 32.95%
353 116 237 32.86%
354 116 238 32.77%
355 116 239 32.68%
356 116 240 32.58%
357 116 241 32.49%
358 117 241 32.68%
359 117 242 32.59%
360 118 242 32.78%
361 118 243 32.69%
362 118 244 32.60%
363 119 244 32.78%
364 119 245 32.69%
365 119 246 32.60%
366 120 246 32.79%
367 120 247 32.70%
368 121 247 32.88%
369 121 248 32.79%
370 121 249 32.70%
371 121 250 32.61%
372 122 250 32.80%
373 122 251 32.71%
374 122 252 32.62%
375 122 253 32.53%
376 122 254 32.45%
377 122 255 32.36%
378 122 256 32.28%
379 122 257 32.19%
380 123 257 32.37%
381 123 258 32.28%
382 124 258 32.46%
383 125 258 32.64%
384 125 259 32.55%
385 125 260 32.47%
386 125 261 32.38%
387 125 262 32.30%
388 125 263 32.22%
389 125 264 32.13%
390 125 265 32.05%
391 125 266 31.97%
392 125 267 31.89%
393 126 267 32.06%
394 127 267 32.23%
395 128 267 32.41%
396 129 267 32.58%
397 129 268 32.49%
398 129 269 32.41%
399 129 270 32.33%
400 129 271 32.25%
401 129 272 32.17%
402 129 273 32.09%
403 129 274 32.01%
404 129 275 31.93%
405 130 275 32.10%
406 131 275 32.27%
407 131 276 32.19%
408 131 277 32.11%
409 132 277 32.27%
410 132 278 32.20%
411 132 279 32.12%
412 132 280 32.04%
413 132 281 31.96%
414 132 282 31.88%
415 132 283 31.81%
416 132 284 31.73%
417 132 285 31.65%
418 132 286 31.58%
419 133 286 31.74%
420 133 287 31.67%
421 134 287 31.83%
422 135 287 31.99%
423 136 287 32.15%
424 136 288 32.08%
425 136 289 32.00%
426 136 290 31.92%
427 136 291 31.85%
428 137 291 32.01%
429 137 292 31.93%
430 137 293 31.86%
431 137 294 31.79%
432 137 295 31.71%
433 137 296 31.64%
434 137 297 31.57%
435 138 297 31.72%
436 138 298 31.65%
437 138 299 31.58%
438 138 300 31.51%
439 138 301 31.44%
440 138 302 31.36%
441 138 303 31.29%
442 138 304 31.22%
443 139 304 31.38%
444 139 305 31.31%
445 139 306 31.24%
446 139 307 31.17%
447 139 308 31.10%
448 139 309 31.03%
449 139 310 30.96%
450 140 310 31.11%
451 140 311 31.04%
452 141 311 31.19%
453 141 312 31.13%
454 142 312 31.28%
455 142 313 31.21%
456 142 314 31.14%
457 142 315 31.07%
458 142 316 31.00%
459 142 317 30.94%
460 142 318 30.87%
461 142 319 30.80%
462 143 319 30.95%
463 143 320 30.89%
464 143 321 30.82%
465 144 321 30.97%
466 144 322 30.90%
467 144 323 30.84%
468 144 324 30.77%
469 144 325 30.70%
470 144 326 30.64%
471 144 327 30.57%
472 144 328 30.51%
473 144 329 30.44%
474 145 329 30.59%
475 146 329 30.74%
476 147 329 30.88%
477 147 330 30.82%
478 147 331 30.75%
479 147 332 30.69%
480 147 333 30.63%
481 147 334 30.56%
482 148 334 30.71%
483 148 335 30.64%
484 148 336 30.58%
485 148 337 30.52%
486 148 338 30.45%
487 148 339 30.39%
488 149 339 30.53%
489 149 340 30.47%
490 150 340 30.61%
491 150 341 30.55%
492 150 342 30.49%
493 150 343 30.43%
494 150 344 30.36%
495 151 344 30.51%
496 151 345 30.44%
497 152 345 30.58%
498 152 346 30.52%
499 152 347 30.46%
500 152 348 30.40%
501 152 349 30.34%
502 152 350 30.28%
503 152 351 30.22%
504 152 352 30.16%
505 152 353 30.10%
506 152 354 30.04%
507 153 354 30.18%
508 153 355 30.12%
509 153 356 30.06%
510 154 356 30.20%
511 155 356 30.33%
512 155 357 30.27%
513 155 358 30.21%
514 155 359 30.16%
515 155 360 30.10%
516 156 360 30.23%
517 156 361 30.17%
518 156 362 30.12%
519 156 363 30.06%
520 156 364 30.00%
521 156 365 29.94%
522 156 366 29.89%
523 157 366 30.02%
524 157 367 29.96%
525 157 368 29.90%
526 157 369 29.85%
527 157 370 29.79%
528 157 371 29.73%
529 158 371 29.87%
530 158 372 29.81%
531 159 372 29.94%
532 159 373 29.89%
533 159 374 29.83%
534 159 375 29.78%
535 159 376 29.72%
536 159 377 29.66%
537 159 378 29.61%
538 160 378 29.74%
539 161 378 29.87%
540 161 379 29.81%
541 161 380 29.76%
542 161 381 29.70%
543 161 382 29.65%
544 161 383 29.60%
545 162 383 29.72%
546 162 384 29.67%
547 162 385 29.62%
548 162 386 29.56%
549 162 387 29.51%
550 163 387 29.64%
551 163 388 29.58%
552 163 389 29.53%
553 163 390 29.48%
554 163 391 29.42%
555 163 392 29.37%
556 164 392 29.50%
557 165 392 29.62%
558 166 392 29.75%
559 166 393 29.70%
560 166 394 29.64%
561 166 395 29.59%
562 167 395 29.72%
563 167 396 29.66%
564 168 396 29.79%
565 169 396 29.91%
566 169 397 29.86%
567 169 398 29.81%
568 170 398 29.93%
569 170 399 29.88%
570 170 400 29.82%
571 170 401 29.77%
572 170 402 29.72%
