2
38 0 2 5888676 20 17 10 30 27 28 22 35 2 32 25 12 33 3 1 9 6 37 16 8 29 
10 0 7 21720688 23 24 37 23 9 7 22 38 13 27 25 31 29 32 18 26 39 2 4 15 1 11 28 36 
0
2
8 2 12 14256594 22 17 15 11 39 26 12 19 31 36 23 14 5 38 34 10 27 6 13 3 20 33 2 
4 2 16 33396150 21 9 20 30 31 15 12 39 7 25 8 40 23 22 18 19 27 2 34 24 33 13 
1
9 3 14 4284972 20 30 37 7 29 6 26 3 12 2 4 34 40 11 18 28 17 15 10 14 27 
1
30 4 12 18752274 22 32 8 23 20 28 27 26 40 12 4 25 39 19 14 38 6 37 35 9 13 34 29 
3
19 5 17 19047002 24 1 17 37 25 38 32 40 3 12 9 4 13 26 22 30 34 2 11 14 6 35 10 24 7 
27 5 50 101327880 23 32 7 25 6 38 3 15 18 9 23 17 14 5 11 21 16 35 2 4 10 40 31 24 
22 5 11 2238110 23 27 40 19 3 37 17 20 24 25 36 26 38 32 8 29 9 7 14 1 39 33 5 23 
1
23 6 11 3891480 20 1 14 10 15 12 27 32 19 29 22 18 20 17 26 36 8 30 31 13 35 
3
3 7 16 27736140 22 10 17 6 24 40 32 22 5 15 2 9 34 19 13 4 23 11 7 26 21 14 28 
18 7 11 181790 23 37 21 14 32 29 31 9 40 7 16 39 6 38 11 36 33 10 22 8 30 20 5 3 
34 7 15 69373107 23 26 33 11 24 21 22 4 3 31 18 6 19 10 23 17 38 14 32 40 35 20 30 8 
1
40 8 19 17370144 22 18 16 12 7 34 28 6 15 31 3 36 26 22 39 1 10 33 4 37 38 8 21 
2
6 9 40 80946432 22 39 22 27 13 19 4 33 40 9 24 29 31 36 37 20 18 34 16 25 14 35 10 
30 9 36 6437788 24 25 4 14 23 40 38 6 18 12 7 37 13 5 10 34 16 27 17 39 32 3 21 2 8 
3
28 10 13 9063928 22 14 11 23 8 20 4 9 25 13 22 27 2 31 35 1 12 7 17 16 19 40 5 
18 10 31 63150142 22 7 14 31 40 22 33 5 35 12 2 25 32 1 17 23 28 13 16 8 19 4 11 
34 10 27 31749030 24 6 29 7 2 27 3 26 32 38 13 20 39 21 14 40 18 23 5 4 8 16 9 33 17 
1
4 11 16 15210210 24 29 12 40 32 26 13 1 20 7 10 31 3 21 36 9 38 5 34 15 11 24 39 33 19 
2
4 12 16 7031140 22 30 35 19 32 8 5 15 27 6 1 26 38 31 2 11 7 29 37 34 22 12 21 
37 12 43 19959072 23 39 30 21 7 12 13 35 5 20 3 29 2 34 36 38 24 17 18 40 19 33 26 6 
1
6 13 29 102283118 20 39 2 20 21 3 17 25 34 10 28 16 5 27 1 12 29 8 7 22 38 
4
35 14 15 1231372 21 14 17 5 26 27 32 40 33 11 20 4 37 21 34 1 39 13 3 19 38 8 
38 14 26 28263391 21 20 4 9 27 5 10 39 24 3 23 15 22 6 19 30 13 32 2 25 29 28 
26 14 36 29532483 23 1 19 27 33 36 15 18 12 4 34 3 5 29 23 40 22 8 7 39 35 9 14 37 
27 14 28 4089150 21 21 30 11 22 1 26 10 24 19 14 13 23 32 28 20 8 31 36 38 7 12 
2
1 15 19 4896115 24 19 37 9 40 3 31 6 38 26 8 24 28 21 2 22 20 4 16 18 15 17 10 36 32 
13 15 23 3774645 20 29 7 5 31 9 19 18 34 6 35 14 3 11 20 8 17 37 22 38 39 
3
34 16 28 33236996 24 10 29 20 32 1 35 4 22 18 15 26 13 24 37 40 11 38 27 31 7 30 5 14 16 
1 16 17 101332 21 34 27 31 16 22 29 36 15 2 6 21 11 9 28 24 39 10 5 30 8 13 
4 16 18 9056436 20 33 1 26 7 13 16 12 11 37 27 38 20 14 34 40 5 10 2 32 25 
1
7 17 26 20404710 24 20 19 11 26 24 3 13 2 22 5 37 12 39 31 25 16 33 18 17 36 10 38 28 21 
1
34 18 22 1937365 23 13 29 10 39 19 3 36 2 26 6 27 18 20 16 40 9 14 12 35 22 17 11 25 
1
1 19 36 53585298 20 3 24 20 40 5 16 35 21 34 4 28 14 29 10 23 38 12 6 25 32 
2
35 20 25 785400 21 40 5 7 38 6 27 3 1 21 23 2 15 26 19 8 33 28 11 13 4 9 
33 20 54 17693235 21 32 4 11 23 28 36 3 5 34 37 7 15 27 20 19 9 29 14 39 24 26 
1
29 21 90 58799860 20 28 37 7 11 30 25 15 21 3 26 1 17 6 24 36 5 35 2 12 14 
2
37 22 63 5033532 23 23 39 13 4 36 29 11 31 14 6 21 24 18 33 34 40 16 17 9 30 32 10 25 
29 22 24 9941292 20 31 37 23 8 5 1 16 7 20 6 39 25 19 12 30 40 27 10 11 9 
3
14 23 26 11512828 20 12 16 17 8 3 31 5 26 25 34 20 30 9 1 6 32 29 21 19 7 
40 23 28 5011446 22 26 4 30 29 3 25 15 19 13 11 10 24 16 8 34 5 20 39 21 36 17 28 
19 23 57 64037575 23 37 16 32 34 31 12 1 15 25 38 22 4 35 23 24 21 27 28 10 13 11 6 9 
2
12 24 27 10203784 22 24 33 19 23 28 31 30 40 16 25 11 13 10 6 5 37 15 20 21 32 38 39 
31 24 34 9585268 23 1 4 13 21 38 37 17 33 28 15 18 3 8 20 40 16 22 19 9 14 23 36 34 
3
4 25 62 204126804 24 19 28 21 7 37 17 34 35 23 8 36 15 3 11 29 20 1 32 33 5 27 39 38 25 
35 25 34 6914460 24 38 29 13 7 19 33 9 15 25 36 28 12 6 16 3 40 22 10 14 5 30 4 1 8 
34 25 57 55075251 20 4 13 18 37 16 5 24 26 12 39 19 21 22 1 27 40 23 25 17 32 
2
21 26 28 1683348 23 19 3 39 13 26 24 32 5 12 36 18 40 16 8 15 25 2 1 7 17 30 11 23 
28 26 47 92196742 24 12 36 3 37 22 26 15 7 27 11 19 2 35 29 30 9 6 17 18 25 4 20 24 21 
2
29 27 39 10910783 22 22 19 26 28 8 14 37 11 6 27 31 16 39 40 38 33 24 7 13 30 5 15 
34 27 33 48699259 21 23 24 35 20 28 15 4 3 22 19 25 31 5 2 21 10 7 18 16 26 33 
2
4 28 61 30115194 24 38 9 22 1 5 28 15 35 14 10 27 12 33 31 39 26 6 21 25 19 7 11 18 8 
38 28 35 5692928 20 24 39 34 27 10 6 14 40 1 9 19 36 13 25 3 30 12 16 29 18 
1
7 29 33 21980 21 27 40 18 38 35 22 10 34 6 16 25 39 29 24 36 21 32 20 2 9 17 
3
1 30 34 10147450 23 26 34 17 40 27 32 22 25 8 28 39 3 2 5 31 36 4 14 9 30 23 13 15 
25 30 71 23304288 21 5 6 37 32 34 11 9 40 4 29 2 10 18 16 14 3 20 38 31 7 19 
30 30 36 14696787 24 21 4 14 19 9 1 7 17 18 5 24 39 37 34 40 25 6 15 2 33 29 28 26 35 
5
31 31 49 9678429 24 10 33 18 19 12 23 17 28 1 26 38 27 34 21 37 32 14 20 13 16 36 25 29 24 
39 31 47 75551162 22 30 22 20 5 4 23 9 8 29 31 19 16 36 7 27 1 3 15 11 37 12 25 
34 31 36 29955018 23 28 35 26 16 21 25 14 18 2 22 5 4 7 38 31 10 19 40 17 13 29 15 37 
14 31 38 45183336 23 34 28 36 15 4 23 6 35 17 7 40 12 21 16 38 1 18 20 13 10 27 29 5 
33 31 43 7497308 20 29 24 23 3 8 26 38 19 35 5 25 2 17 15 18 12 14 22 39 28 
0
2
27 33 48 17221712 20 20 1 11 40 13 2 8 12 18 29 25 17 9 28 4 32 35 26 21 37 
33 33 34 7290628 21 36 8 15 26 1 30 21 32 17 31 38 11 23 22 14 10 18 29 12 35 9 
1
3 34 43 54096520 22 31 9 13 27 18 32 22 6 17 15 34 23 37 12 30 33 14 8 5 35 28 39 
1
25 35 37 349992 20 37 6 28 33 13 12 21 4 32 14 35 10 31 30 7 38 20 29 5 9 
4
29 36 38 14115816 22 38 17 18 12 1 28 7 33 10 30 19 15 22 32 6 11 24 36 20 8 25 31 
16 36 40 6289490 20 15 10 22 6 7 35 4 24 37 31 20 29 1 40 17 13 28 8 38 19 
21 36 37 1272182 20 15 26 5 36 11 39 29 34 33 22 18 10 38 37 2 23 6 3 40 13 
25 36 54 119958419 22 6 11 2 15 13 26 19 37 33 24 35 34 12 22 3 38 39 27 4 5 20 29 
3
4 37 55 35600566 23 30 32 10 23 15 8 11 19 27 36 16 22 25 5 31 38 9 28 39 7 37 21 13 
15 37 63 15557778 20 16 19 31 28 35 23 11 14 17 36 7 9 40 32 26 5 34 13 12 4 
34 37 42 16683894 23 24 33 14 12 5 4 15 7 30 20 1 28 13 11 22 8 6 40 21 16 32 29 26 
2
33 38 39 5846594 24 21 10 22 25 29 36 11 5 40 35 7 28 39 27 18 38 4 13 24 19 9 2 32 15 
2 38 40 2310888 23 23 14 20 40 18 8 27 36 4 1 17 3 26 38 7 28 15 12 6 35 30 37 25 
2
27 39 42 1468780 21 13 22 4 14 11 3 30 17 29 28 38 35 23 6 26 21 9 1 33 37 7 
9 39 42 3350484 24 19 2 35 40 6 10 37 23 25 15 14 5 17 4 29 30 22 39 3 20 13 18 32 38 
0
4
7 41 47 23923676 20 20 19 25 36 37 40 9 38 14 34 17 23 27 28 4 33 2 18 22 16 
16 41 62 40029682 22 13 29 12 28 24 26 34 20 15 32 22 30 40 7 35 10 21 37 19 18 1 38 
20 41 52 34431732 23 33 8 10 11 24 39 25 1 29 32 9 34 6 12 31 27 19 15 38 37 3 13 36 
38 41 63 49306480 22 14 29 35 10 16 3 25 19 36 11 15 1 21 39 37 22 2 12 8 13 32 7 
1
10 42 47 3840198 23 14 37 31 11 33 5 36 28 22 9 38 26 40 23 29 21 8 17 12 15 24 7 3 
1
26 43 58 21743744 21 35 12 4 14 18 33 30 23 25 15 40 31 20 27 16 13 1 22 7 21 28 
2
13 44 46 9978252 23 5 35 34 24 14 26 7 2 11 17 20 9 37 6 36 29 10 12 3 8 33 1 16 
28 44 87 70964344 20 25 9 23 34 35 17 14 19 15 20 38 8 21 7 22 5 11 12 40 32 
4
13 45 56 15875208 24 31 40 5 7 1 36 39 4 12 9 15 17 23 34 25 6 21 8 14 20 3 26 22 29 
37 45 57 16036124 22 15 26 20 8 35 11 34 4 36 5 22 31 21 38 14 18 40 19 16 10 33 17 
3 45 71 61295022 24 24 5 13 34 6 19 2 18 40 8 33 32 35 12 38 20 27 15 1 9 7 11 31 4 
22 45 77 78498717 22 5 2 33 8 16 31 21 32 20 15 26 7 37 35 36 38 17 25 30 19 14 23 
1
40 46 55 2315890 24 19 34 12 21 39 24 1 15 28 35 38 7 29 8 27 22 33 25 10 23 5 2 31 17 
2
36 47 86 238451640 23 25 18 21 37 8 6 23 3 7 31 28 9 16 17 38 15 2 32 27 5 34 10 11 
20 47 116 297018260 23 36 3 21 5 4 32 29 14 17 37 31 25 6 24 16 27 9 8 11 38 35 15 39 
3
20 48 63 50952304 23 31 7 39 5 18 28 6 10 30 23 27 1 34 40 9 38 26 25 15 13 37 3 17 
38 48 51 2771696 20 27 7 10 37 36 31 25 30 28 18 23 8 5 21 9 2 3 4 12 13 
24 48 61 157635772 23 29 12 26 9 22 16 28 40 25 10 15 20 38 33 19 31 3 36 14 27 13 34 5 
2
16 49 57 27230238 21 15 11 12 18 1 40 31 29 5 32 25 17 20 14 19 24 28 10 3 6 26 
38 49 61 6430775 21 23 7 18 33 25 3 17 30 32 40 29 39 28 19 12 4 35 34 21 15 10 
1
25 50 51 6288110 22 2 21 15 27 24 4 32 40 18 8 13 26 30 9 17 37 29 28 10 19 16 14 
2
11 51 63 6080321 20 40 6 7 5 9 25 26 16 19 36 31 2 14 3 15 21 24 35 39 37 
35 51 53 1239987 24 31 19 29 20 26 2 15 17 21 23 18 32 28 5 34 12 3 33 40 30 16 36 13 9 
4
4 52 55 6222144 23 13 27 37 36 29 6 11 20 15 8 23 21 10 24 34 35 25 2 19 26 22 12 40 
22 52 58 19907370 23 13 16 10 8 14 4 9 5 27 15 36 40 12 21 11 25 24 2 19 31 30 34 37 
30 52 79 7281064 23 36 14 33 4 9 40 27 7 25 37 10 38 3 39 17 5 28 20 21 2 6 13 34 
22 52 66 75493110 20 15 33 25 38 16 34 29 21 14 2 8 18 27 35 40 17 3 9 13 37 
2
21 53 61 21638763 21 7 5 34 38 22 25 23 2 4 8 29 6 10 20 26 11 39 19 36 35 3 
10 53 54 307504 20 30 35 3 37 19 31 33 23 15 20 34 13 26 2 16 39 22 7 17 11 
0
1
17 55 76 37191946 21 37 24 10 22 13 21 30 40 3 11 23 1 12 39 32 14 35 27 28 33 6 
3
26 56 78 7602581 23 33 3 4 10 17 27 18 19 8 20 5 23 36 29 37 24 22 38 28 40 6 7 11 
3 56 61 1743978 20 28 25 22 23 31 15 10 7 29 21 12 33 4 17 5 38 39 18 24 37 
31 56 76 3093846 22 1 35 8 4 12 3 10 19 25 13 17 28 30 26 20 15 16 2 38 40 9 7 
1
12 57 69 2686671 24 38 25 15 40 28 16 4 29 33 35 22 8 3 7 32 36 34 27 10 37 26 21 13 5 
2
3 58 79 43488786 20 7 9 14 2 39 25 18 20 28 33 13 36 34 23 1 29 26 6 40 22 
4 58 61 17954084 23 20 39 19 35 27 8 32 18 25 37 13 17 36 21 29 3 33 16 15 12 34 11 28 
3
23 59 82 42945960 23 33 6 12 34 11 36 27 32 13 18 15 16 30 3 2 10 14 24 1 37 22 19 8 
38 59 62 1016992 23 35 18 25 4 32 2 16 21 12 6 3 36 5 40 22 34 17 10 19 24 20 1 37 
9 59 62 721304 23 40 16 31 5 23 25 13 18 35 24 6 12 26 29 28 7 32 36 3 8 33 11 38 
1
29 60 70 15855917 24 18 17 15 33 21 11 34 7 4 10 39 14 36 6 20 16 25 19 22 13 23 31 12 24 
4
33 61 75 16316925 20 27 7 8 13 15 32 17 2 22 4 39 3 19 24 30 9 31 20 38 6 
34 61 67 35015897 21 19 17 12 28 32 31 1 26 38 7 6 40 20 8 21 5 15 14 13 35 39 
26 61 68 29908512 23 8 3 15 11 21 39 18 27 20 28 7 12 9 2 6 4 22 34 14 31 37 19 36 
7 61 62 6535476 24 27 39 28 33 18 24 23 26 35 19 12 40 9 4 3 1 32 34 2 15 20 8 13 14 
1
38 62 75 23840026 21 31 13 20 5 18 12 39 34 32 7 27 35 16 1 24 6 26 19 21 9 23 
2
17 63 65 7591194 24 33 7 13 4 14 25 19 35 16 26 12 37 27 28 5 21 6 32 8 23 22 38 2 1 
17 63 120 1479232 22 27 7 18 28 6 31 21 35 23 25 15 11 37 40 3 24 29 12 32 20 16 30 
1
19 64 85 11135674 20 3 33 35 32 16 12 36 14 37 34 13 22 18 24 8 5 27 2 17 23 
4
38 65 70 8640246 24 21 29 4 12 23 25 20 8 15 34 13 7 30 27 22 10 17 11 16 9 14 6 33 31 
14 65 73 32594544 21 26 13 20 38 21 31 6 19 12 2 7 28 40 9 1 33 10 37 25 4 29 
40 65 69 16189280 23 11 16 28 22 6 20 21 3 8 12 7 39 4 25 13 2 5 36 27 1 37 19 33 
35 65 70 150174 20 33 9 18 16 20 36 23 22 30 8 39 40 14 3 2 1 32 6 25 11 
3
3 66 75 17766820 21 35 10 15 4 32 12 1 37 26 25 9 5 6 2 33 24 22 8 17 7 28 
34 66 70 5580525 23 37 35 13 5 15 6 9 1 17 31 8 11 36 22 40 26 24 2 23 12 28 16 38 
21 66 76 5966587 23 28 31 29 9 33 32 8 19 38 30 1 6 34 40 22 23 39 11 12 13 10 35 17 
1
15 67 77 41544822 20 11 10 6 30 19 14 29 1 20 39 21 27 37 28 16 17 36 32 5 26 
0
1
18 69 71 3934875 23 3 24 40 32 1 13 21 8 33 15 25 14 11 16 39 19 26 22 4 27 23 38 17 
2
16 70 84 314490 23 36 15 4 28 10 35 40 12 34 21 20 37 2 11 29 23 8 6 22 19 26 25 14 
37 70 72 3461421 20 27 7 17 32 35 10 14 34 33 2 30 29 4 28 26 1 11 24 9 13 
2
9 71 78 5185032 24 39 32 35 36 40 5 20 8 18 33 27 13 7 6 22 21 24 16 29 15 26 1 38 4 
9 71 75 3958750 21 19 27 39 40 28 4 25 24 37 8 33 11 13 1 22 26 14 35 3 23 38 
1
8 72 121 61159400 22 36 22 38 9 18 11 31 32 39 34 28 10 5 40 33 37 2 25 13 35 21 14 
3
18 73 102 92129790 23 36 30 11 10 34 15 29 33 17 35 4 32 26 3 9 37 1 7 40 31 22 39 5 
40 73 87 137393685 21 17 5 2 14 8 35 1 15 34 29 11 30 18 33 32 31 28 6 21 38 36 
36 73 76 528156 23 17 24 27 14 12 23 28 1 22 2 26 10 30 37 19 4 29 21 11 35 18 38 31 
0
5
13 75 83 30450609 22 33 16 14 5 1 9 26 20 29 22 27 30 31 4 32 8 15 37 38 39 6 19 
29 75 89 16050840 21 40 5 12 25 31 15 16 22 18 27 14 9 34 10 33 32 39 36 28 24 1 
26 75 78 71328 21 28 25 24 23 32 40 1 9 20 2 38 12 11 14 3 34 10 8 6 36 37 
5 75 83 13407066 20 14 33 17 32 26 38 8 20 7 40 24 27 28 23 6 2 35 29 11 10 
40 75 79 6007075 20 31 15 26 22 10 16 7 28 34 12 13 27 25 9 8 17 6 19 37 33 
3
35 76 108 93307401 22 8 17 32 40 11 20 27 7 18 23 30 4 6 37 28 9 2 10 21 31 5 1 
10 76 77 6389750 23 32 37 12 6 14 1 7 34 26 36 9 29 22 2 3 38 27 13 21 4 31 39 11 
35 76 83 1123960 24 28 32 37 36 38 15 16 30 19 10 24 18 14 33 40 9 22 31 23 21 6 12 20 11 
3
11 77 78 8319130 22 27 10 22 25 32 21 33 34 40 30 2 5 24 3 9 17 28 35 19 20 15 26 
16 77 83 23146774 20 4 11 14 39 33 29 38 25 10 17 40 37 13 22 26 19 15 36 24 18 
40 77 82 20056452 21 25 20 9 30 38 19 1 18 35 33 37 27 12 15 14 17 7 4 24 21 26 
0
3
28 79 101 3670271 24 32 11 8 9 10 19 17 37 5 18 27 20 1 39 3 34 25 33 15 30 22 38 26 6 
4 79 105 20068317 24 36 9 24 34 38 10 8 26 18 39 31 27 15 25 14 22 3 20 6 40 16 7 11 5 
32 79 99 29226834 23 29 11 37 3 35 7 20 36 4 12 8 2 25 23 15 18 39 19 22 1 40 27 10 
1
6 80 95 98748736 24 19 15 27 18 16 20 35 23 4 9 21 26 22 36 11 2 38 31 12 29 14 7 28 30 
1
40 81 82 1217940 20 24 29 33 23 34 10 9 22 27 18 26 21 12 36 13 15 31 3 2 39 
1
15 82 84 3006852 22 38 7 40 27 16 36 3 33 1 34 6 35 25 12 37 29 14 23 8 18 11 22 
3
35 83 99 16165929 24 14 25 9 34 19 10 37 3 15 12 2 4 22 38 28 20 18 29 7 11 24 6 13 1 
1 83 104 37477836 23 9 8 3 5 37 27 35 24 39 30 31 23 12 16 38 15 21 29 13 17 10 40 34 
1 83 84 13204146 20 15 2 25 24 14 38 32 4 8 27 39 31 36 6 23 13 16 19 7 17 
2
5 84 109 97052280 21 6 24 17 22 27 33 21 15 2 9 14 4 11 25 26 19 28 30 31 34 23 
14 84 90 36842547 23 20 1 29 7 5 16 38 24 23 25 21 11 12 8 35 40 36 2 26 9 18 15 6 
2
13 85 103 29206154 22 19 14 25 11 39 4 7 17 35 26 9 20 40 29 33 37 27 5 1 32 6 18 
31 85 93 29575035 21 34 19 32 9 29 21 2 27 8 24 7 25 23 4 5 20 37 1 18 35 33 
3
24 86 90 40328755 23 13 29 17 40 27 20 28 21 34 39 37 4 22 33 18 23 7 11 30 5 36 1 38 
18 86 95 4697450 22 17 1 15 26 39 10 19 4 34 24 31 22 21 36 9 13 5 32 37 30 28 12 
28 86 87 18845610 22 20 15 38 39 4 9 33 25 21 24 34 1 36 26 27 12 23 40 2 3 7 35 
5
22 87 110 62672688 20 38 15 33 36 34 10 4 27 40 12 17 39 29 16 20 23 30 13 14 25 
38 87 89 2843190 20 33 25 14 10 3 7 32 2 15 31 12 39 35 29 6 23 1 16 8 34 
10 87 88 2916624 22 7 16 24 27 31 13 39 36 18 37 26 3 20 40 12 6 23 15 17 14 9 1 
20 87 89 6146844 24 21 8 31 9 40 12 34 16 27 6 26 4 28 33 24 22 19 5 11 1 30 2 39 18 
23 87 88 1212538 20 12 30 16 17 35 15 1 22 20 34 9 6 7 24 40 25 32 3 10 28 
1
4 88 90 2706063 21 40 2 32 36 9 15 29 39 37 19 1 10 12 31 6 30 26 22 13 8 18 
1
31 89 92 6472728 24 25 28 40 7 18 3 11 29 6 30 20 32 14 36 23 9 34 39 37 12 26 5 19 17 
2
36 90 111 43953734 24 28 29 10 39 5 23 8 30 3 24 19 26 13 31 22 32 2 6 25 27 12 35 7 14 
10 90 119 22469940 21 12 6 32 25 2 34 33 29 24 26 39 17 18 20 36 16 4 28 5 38 8 
3
31 91 108 11509038 24 39 3 18 23 7 25 5 19 9 27 28 29 8 40 11 1 24 20 13 2 15 36 35 33 
29 91 98 30667776 23 34 38 14 11 40 32 2 27 26 18 7 1 5 13 31 35 39 22 12 23 6 28 3 
33 91 128 154917944 22 19 37 36 20 5 35 11 22 40 21 9 23 17 12 18 39 25 14 7 29 2 31 
0
1
1 93 115 79506699 22 10 34 20 6 32 23 39 29 30 36 37 12 11 15 33 9 13 3 21 18 31 17 
1
18 94 95 296756 24 16 31 30 27 21 19 28 12 40 10 35 22 17 11 23 24 26 25 1 29 38 37 2 32 
2
17 95 104 5511850 22 32 9 16 19 31 21 23 1 28 20 14 40 36 24 15 34 3 11 30 29 38 26 
36 95 103 2216088 20 26 20 39 28 23 9 29 6 19 11 2 24 16 4 5 25 40 1 27 37 
6
34 96 137 24212706 22 19 28 29 14 20 6 38 7 23 16 18 32 27 13 31 37 26 36 17 15 30 1 
27 96 102 15664698 24 2 1 21 23 18 5 24 11 30 28 26 6 9 10 7 33 14 13 39 29 31 15 12 37 
7 96 97 4437236 23 17 29 19 28 39 11 12 4 35 37 22 1 5 34 8 27 25 3 6 33 36 32 30 
40 96 106 321068 20 34 17 15 29 20 28 13 32 3 21 14 11 37 10 8 18 6 26 4 2 
12 96 98 9068817 22 8 32 1 6 9 40 38 27 22 18 13 20 5 28 10 11 25 30 36 15 24 4 
1 96 102 32540004 24 6 22 12 5 17 28 34 26 38 40 25 10 29 27 33 8 14 4 24 37 30 31 39 7 
1
35 97 101 3600760 22 38 2 18 4 1 26 8 21 24 17 32 5 37 3 6 15 33 19 16 36 9 14 
3
39 98 117 23641300 20 27 22 10 32 36 20 3 37 25 26 30 12 6 19 18 7 38 9 1 17 
16 98 119 246494116 24 14 33 40 6 22 1 8 3 13 39 23 24 25 20 11 26 9 19 12 34 27 21 29 37 
27 98 106 59643018 20 31 21 37 11 36 13 2 7 33 23 35 4 10 22 14 30 1 40 3 5 
1
32 99 102 8290572 22 39 29 18 25 34 8 7 1 35 26 37 22 21 19 4 12 2 14 9 23 33 20 
0
3
22 101 118 46459278 21 12 25 30 36 13 23 28 16 15 8 37 19 10 24 17 35 27 21 39 18 14 
28 101 111 62088224 23 25 20 4 15 40 38 6 19 2 1 13 8 26 35 24 21 23 18 16 3 29 5 9 
29 101 102 2125520 23 9 16 8 15 3 26 35 40 34 19 10 28 38 27 2 39 18 24 20 36 31 4 11 
1
12 102 124 5560595 23 9 39 34 11 30 3 10 25 13 29 8 15 31 28 6 27 23 35 16 36 22 37 17 
1
12 103 110 29419776 20 37 23 31 17 14 33 4 39 10 29 9 8 6 28 27 38 22 25 2 13 
3
7 104 109 27424830 24 5 24 1 19 27 6 9 33 11 36 29 18 32 25 12 34 14 31 8 23 21 16 10 22 
36 104 115 22585188 23 35 32 28 5 22 26 33 4 17 16 37 15 40 27 3 13 18 6 9 14 34 2 31 
21 104 106 18519669 22 23 40 30 20 35 37 19 26 6 18 36 10 13 7 32 11 5 14 8 24 1 17 
2
17 105 115 1496484 20 26 36 21 11 13 22 20 18 40 27 10 32 38 37 28 30 14 16 23 1 
19 105 110 7453974 24 3 5 13 21 30 35 4 6 25 17 8 33 11 20 28 26 1 29 12 18 14 32 31 15 
4
30 106 114 7525593 24 18 16 29 26 38 20 17 19 4 34 24 36 37 1 22 6 9 3 40 28 14 13 27 21 
36 106 108 3209355 21 19 4 10 14 26 13 22 18 38 25 5 7 35 3 9 31 33 11 34 8 32 
22 106 118 9054578 20 37 11 26 3 34 40 25 2 28 30 18 24 27 14 13 36 38 10 31 32 
18 106 120 798150 20 28 5 36 26 23 30 6 22 29 17 27 16 35 31 38 4 33 15 2 1 
1
25 107 115 793377 21 37 29 14 18 12 22 7 31 32 38 27 9 8 2 34 10 39 24 5 19 33 
2
37 108 112 3766295 23 7 8 22 32 11 36 33 2 4 1 19 15 24 30 21 23 9 6 18 27 29 10 17 
26 108 110 6714450 20 14 35 40 18 5 19 10 2 27 17 32 33 25 1 4 24 3 39 23 12 
0
5
19 110 117 7462184 23 2 20 7 35 40 11 16 37 26 30 21 17 9 34 38 15 31 25 6 5 3 33 28 
40 110 112 4315623 21 34 31 22 12 5 15 8 1 10 27 13 38 23 9 20 21 4 39 25 18 32 
30 110 122 10907325 22 32 20 25 27 13 38 35 8 3 12 33 21 1 6 23 28 2 15 4 22 16 10 
35 110 111 3046072 24 29 5 8 17 1 9 27 33 10 26 19 39 24 13 3 23 38 4 36 12 6 34 21 40 
2 110 117 26512960 21 28 37 26 11 34 32 30 31 36 20 15 22 9 16 18 3 25 1 24 13 33 
2
10 111 135 86201275 21 29 28 8 40 6 15 34 21 36 20 37 4 24 5 9 16 2 32 38 19 11 
8 111 122 19609932 23 4 27 19 3 23 22 2 40 14 13 36 10 24 17 37 33 12 25 21 20 39 9 5 
0
2
34 113 131 52828474 23 27 11 17 40 36 10 9 39 12 31 3 25 23 2 1 19 28 33 15 6 30 8 20 
32 113 130 36681894 21 2 36 35 10 31 39 8 22 26 1 15 5 25 27 7 13 6 17 24 3 30 
2
40 114 121 24360288 24 21 18 32 17 12 25 27 11 10 5 9 15 28 29 19 8 16 22 14 37 20 24 6 2 
9 114 141 92291304 23 4 31 10 5 23 3 28 30 22 33 6 39 34 15 38 26 13 35 18 27 7 24 40 
3
4 115 121 11392101 21 1 26 15 34 25 30 37 21 22 33 23 38 13 3 5 19 14 35 12 40 31 
39 115 119 1219095 23 17 6 1 23 34 15 9 35 3 2 11 26 30 13 21 19 28 12 10 5 25 37 18 
10 115 116 4600508 22 28 17 26 36 33 23 13 21 8 20 37 27 34 2 22 1 25 12 29 32 19 7 
3
9 116 121 9457980 23 5 28 40 1 16 35 27 31 25 22 20 38 24 3 6 19 14 29 17 39 12 26 37 
37 116 119 7997256 24 39 7 24 6 8 13 23 25 34 33 19 18 11 16 36 15 40 20 9 28 10 38 1 30 
4 116 119 382760 20 10 12 18 6 23 8 36 9 38 11 24 40 28 30 19 5 26 7 25 29 
1
39 117 124 4770800 20 38 25 34 6 28 26 11 23 31 7 20 5 12 19 1 29 14 3 2 4 
3
20 118 120 8470215 22 16 38 39 14 19 31 2 28 36 34 3 27 32 17 40 11 8 18 6 12 26 7 
37 118 194 4669973 23 15 9 22 36 38 28 31 4 10 7 14 35 33 11 8 6 40 23 1 20 26 2 18 
20 118 134 3545112 21 1 7 35 5 37 15 31 12 33 18 38 27 2 19 32 16 11 6 4 29 24 
3
9 119 134 38254048 21 34 16 26 11 35 32 36 3 14 37 1 23 8 39 27 40 7 20 28 12 13 
16 119 123 1235320 21 33 24 7 1 4 28 8 2 3 32 10 37 23 26 22 14 12 35 38 19 18 
9 119 168 20023900 22 20 31 18 22 28 16 1 5 35 12 38 8 6 30 25 27 11 15 10 17 13 37 
1
17 120 151 32165728 23 2 28 19 6 29 18 4 23 36 24 25 8 10 38 32 26 1 20 34 30 27 39 5 
1
5 121 159 37893024 21 31 9 2 23 33 16 40 19 13 27 4 30 29 21 25 3 32 7 12 35 17 
2
40 122 138 13022612 23 39 22 35 5 25 18 8 2 37 10 1 36 19 11 7 15 29 31 20 26 6 24 14 
1 122 184 173453616 20 16 15 17 31 18 25 14 12 32 28 29 33 6 20 39 35 10 5 2 27 
3
20 123 139 7029313 24 28 10 26 8 23 27 3 34 21 12 1 11 33 13 40 25 9 29 38 15 18 6 5 22 
36 123 161 1370967 22 31 25 8 35 23 37 12 11 33 40 27 24 2 13 1 26 38 7 28 16 10 6 
25 123 130 20247248 23 8 17 36 21 37 40 39 7 19 24 29 15 38 31 3 18 10 9 2 22 27 34 20 
4
33 124 126 6539127 22 18 38 20 14 9 31 39 1 35 5 15 11 22 29 40 8 6 23 12 34 37 17 
36 124 127 2393380 20 10 2 16 32 39 34 14 29 12 23 37 31 33 18 1 22 20 25 38 4 
12 124 129 2316288 21 23 17 39 37 9 7 8 6 11 40 19 36 16 13 22 35 29 5 15 27 10 
3 124 147 58322256 20 16 27 20 19 32 14 30 38 10 13 9 31 5 23 6 29 37 33 34 8 
0
2
22 126 131 10149618 22 28 8 25 38 13 40 24 7 26 35 20 29 9 6 23 11 3 16 17 12 31 5 
25 126 142 38525196 21 40 33 32 18 6 27 4 2 9 36 34 31 29 20 16 5 14 39 23 1 26 
4
37 127 149 69849459 24 27 25 16 7 32 31 40 2 28 23 38 35 13 9 34 8 39 20 26 17 22 5 1 6 
23 127 133 9434852 24 19 34 32 9 18 22 26 13 29 33 11 40 39 38 24 5 3 20 31 25 15 37 36 28 
29 127 146 16021520 22 36 13 16 2 33 11 10 22 15 24 1 6 3 40 23 9 7 28 37 17 32 26 
4 127 129 1170405 21 16 24 34 5 26 21 23 10 33 36 38 2 22 17 37 8 3 27 20 31 40 
1
17 128 131 10374376 24 23 7 34 16 8 31 10 33 32 13 40 24 11 29 19 37 12 18 14 21 38 2 25 39 
1
10 129 157 60225808 20 23 30 35 13 24 15 21 34 9 38 40 11 4 26 8 28 36 22 20 1 
4
28 130 150 41459418 24 16 1 32 29 34 24 23 6 39 13 37 15 26 22 25 10 18 20 36 14 17 5 27 19 
11 130 134 12197575 24 26 6 1 33 8 34 3 17 40 32 12 24 14 37 9 10 25 30 4 35 31 23 39 38 
29 130 148 22275923 20 32 18 5 24 4 6 16 23 21 15 27 33 3 13 34 25 22 10 8 36 
33 130 139 1532250 24 40 16 39 13 8 21 25 22 12 15 3 9 4 29 36 27 26 37 18 34 31 1 30 24 
2
32 131 244 345921600 23 10 13 30 29 20 2 35 27 25 21 19 40 33 31 8 26 1 9 4 37 11 36 5 
33 131 132 4069428 22 3 25 9 35 29 30 39 16 40 23 26 18 32 6 28 4 14 1 12 20 34 19 
1
33 132 140 5553909 20 40 27 26 4 10 38 17 19 21 11 8 37 31 23 29 12 20 32 9 18 
0
2
18 134 167 24708310 23 1 25 23 7 27 15 24 17 13 39 21 38 20 4 11 35 14 29 28 32 10 40 36 
36 134 166 51334404 21 20 12 40 34 29 7 21 30 23 6 8 2 9 3 26 37 14 32 13 15 38 
4
34 135 142 4242096 24 7 39 12 1 33 28 20 35 32 26 18 13 25 2 29 16 19 21 37 5 15 17 30 6 
13 135 140 4757934 21 3 33 2 39 14 24 1 4 19 40 17 34 18 36 8 35 29 31 21 25 16 
34 135 137 1807353 24 2 6 21 15 18 19 26 17 35 13 32 24 8 9 27 14 7 33 40 12 38 5 11 3 
8 135 189 30659145 24 38 7 19 40 25 23 34 13 27 1 22 31 14 10 24 33 9 5 20 26 12 2 15 6 
0
2
3 137 150 8706026 24 37 28 23 20 6 24 30 39 15 22 26 27 7 1 33 40 4 8 31 32 9 10 21 16 
26 137 154 7850106 20 39 25 13 34 12 36 22 7 19 18 6 23 2 4 33 35 5 1 27 9 
1
18 138 178 88304734 21 7 37 8 17 39 22 35 12 28 21 3 9 13 33 5 16 26 11 40 4 2 
4
24 139 141 8737971 21 4 14 32 2 5 31 9 18 38 17 20 12 10 1 30 29 37 39 16 36 35 
40 139 148 49579680 21 19 9 17 18 36 37 5 26 6 28 24 34 38 39 30 3 27 22 31 12 4 
8 139 163 3637400 24 27 38 21 18 24 10 5 15 4 20 40 32 6 28 39 30 33 16 2 17 13 37 25 14 
7 139 157 21042272 20 31 6 16 13 25 20 27 10 38 17 34 4 2 37 33 35 22 21 14 28 
2
28 140 141 1154500 23 9 35 38 23 13 3 1 24 33 17 31 6 16 40 22 4 39 7 25 36 14 21 20 
36 140 155 85892256 23 40 25 33 17 9 21 4 2 14 27 37 15 18 22 35 31 23 12 26 7 8 34 6 
3
37 141 142 595672 21 19 6 34 26 9 31 15 21 33 30 12 16 23 17 39 8 32 4 18 13 10 
32 141 195 3665420 21 35 2 22 33 39 23 11 31 27 34 20 36 25 30 1 21 16 14 17 4 5 
6 141 142 11030332 23 9 27 8 15 13 16 31 2 37 5 26 21 28 19 11 29 20 34 39 35 23 33 40 
3
19 142 153 19510716 21 30 3 29 4 13 40 27 32 17 9 15 33 7 16 14 12 25 5 10 28 18 
36 142 146 46663865 23 8 9 33 24 31 13 40 6 16 15 7 18 35 27 30 29 14 10 12 32 22 39 20 
14 142 153 66619488 23 40 37 15 39 8 7 26 3 19 13 11 10 16 17 29 25 23 33 4 35 38 28 2 
2
38 143 156 13965924 21 21 15 16 8 34 1 23 25 9 17 35 11 20 14 36 28 32 12 22 33 27 
13 143 150 2029472 23 25 21 34 40 29 20 37 14 4 12 31 7 26 16 36 23 33 18 38 2 9 11 8 
2
11 144 185 20389026 20 15 4 9 40 28 8 21 35 17 12 3 38 37 16 30 27 1 18 26 20 
25 144 150 12442703 22 18 28 36 39 2 20 24 5 29 27 30 10 31 33 21 37 22 14 3 17 15 38 
1
3 145 210 13519638 24 6 13 17 32 29 40 7 27 14 33 39 30 35 28 4 25 22 16 38 23 24 34 5 26 
1
34 146 156 7540478 22 22 4 13 7 31 3 32 19 10 39 6 15 26 11 28 12 29 30 8 1 27 37 
3
10 147 194 9710640 20 33 13 8 17 3 40 35 18 5 19 9 26 37 12 31 32 20 38 21 39 
3 147 172 77138698 24 20 21 39 17 16 32 35 6 34 30 13 7 12 37 11 29 14 18 27 23 4 31 10 19 
19 147 159 33022925 20 10 33 40 5 22 37 14 8 28 18 9 11 34 7 36 24 32 31 25 6 
1
11 148 153 21089214 20 25 3 9 1 18 20 5 37 33 40 34 14 39 29 4 31 22 10 19 36 
2
19 149 157 4984236 22 25 39 32 13 11 17 29 9 15 22 7 31 38 8 30 18 34 12 33 37 6 28 
17 149 153 1210295 22 1 28 25 15 30 19 24 12 11 33 32 3 35 40 22 29 2 8 23 37 39 9 
2
7 150 192 261026039 21 15 8 31 10 17 20 13 25 4 33 30 32 22 24 18 27 3 26 38 14 40 
18 150 155 9196494 21 15 31 23 9 5 32 7 24 34 35 6 25 36 38 26 37 19 2 28 13 29 
4
27 151 181 99430206 20 28 39 18 24 22 3 31 12 15 10 37 25 23 14 34 9 32 20 29 36 
29 151 167 75020966 22 16 7 40 34 21 31 10 33 23 2 9 38 15 19 14 12 17 3 25 36 11 5 
27 151 168 5693292 23 18 29 6 14 36 21 2 8 38 35 23 13 33 7 16 25 20 10 12 34 4 26 28 
14 151 171 10638684 20 29 3 5 20 26 17 15 9 8 25 12 22 11 6 28 38 10 40 24 32 
1
22 152 180 3756225 20 35 37 20 25 17 30 29 5 13 15 18 32 36 26 11 19 24 16 21 27 
3
21 153 175 8906244 23 18 17 8 24 2 37 16 30 13 11 14 34 1 39 29 40 38 10 6 27 25 36 5 
17 153 155 7854147 23 8 34 1 24 10 20 19 40 38 39 25 26 21 32 31 16 14 9 5 4 33 37 7 
36 153 160 1010624 21 40 1 8 30 22 39 11 17 34 2 31 32 27 29 20 5 16 10 35 19 26 
2
39 154 164 31604265 20 24 10 7 2 26 19 17 23 27 8 16 30 37 40 21 34 5 28 25 11 
37 154 159 2427324 24 13 36 27 20 33 6 39 19 18 10 26 4 21 40 28 17 3 7 29 35 38 15 12 16 
1
38 155 194 196129000 22 14 17 36 6 40 22 21 8 31 11 39 29 25 1 12 23 5 33 26 32 3 27 
2
4 156 188 66942975 21 9 14 5 16 10 2 34 18 25 26 3 27 8 15 11 12 28 22 19 32 21 
13 156 164 676089 24 32 12 22 26 18 1 15 37 40 20 25 6 9 24 7 28 16 34 27 5 31 17 33 30 
3
6 157 166 31266510 20 4 39 24 22 19 26 9 5 16 40 10 31 17 18 21 30 11 12 28 1 
16 157 171 10972170 24 28 40 2 35 13 25 30 19 11 23 22 10 38 27 32 4 9 15 39 8 14 1 5 33 
6 157 172 122811056 23 7 27 26 32 9 22 39 28 8 11 24 23 37 38 16 35 40 19 29 14 5 12 33 
1
6 158 183 12911522 22 20 21 3 33 26 2 32 13 24 40 11 8 38 14 22 4 7 18 30 39 29 31 
0
3
5 160 169 20268620 24 39 32 22 31 28 38 17 16 30 25 33 3 24 9 10 12 27 7 29 14 34 18 37 36 
6 160 172 65083772 20 9 3 2 7 38 5 14 13 17 35 20 23 25 36 39 33 8 24 30 34 
14 160 162 7621320 24 39 1 32 25 40 29 34 10 3 7 22 6 12 31 4 30 18 8 2 38 16 20 36 26 
1
40 161 170 3275890 21 3 23 38 21 27 39 28 36 14 8 29 18 35 30 16 15 22 26 12 4 37 
3
40 162 170 45365220 24 28 20 6 10 30 16 9 4 38 33 15 24 2 23 29 8 17 37 19 26 21 32 25 7 
21 162 164 3382971 23 26 22 8 31 13 4 30 9 7 29 24 28 33 38 15 11 27 20 39 14 3 18 17 
10 162 163 1577800 20 23 24 16 9 7 36 25 6 12 3 18 37 39 19 5 40 28 22 35 8 
2
9 163 166 1475104 23 18 7 22 24 10 37 32 1 11 30 25 33 3 13 12 34 15 19 35 36 2 20 27 
31 163 169 970046 20 16 10 5 19 4 34 35 24 21 9 25 30 39 11 2 36 8 38 15 37 
1
17 164 185 9850390 21 30 11 7 33 12 28 36 37 26 10 1 22 29 21 25 14 16 8 39 18 35 
6
21 165 178 3653832 24 18 12 22 14 13 36 4 23 19 8 25 32 27 2 17 10 33 39 20 40 28 34 31 3 
29 165 188 18905496 23 26 3 35 13 5 6 32 22 11 30 8 16 24 36 23 33 40 12 27 10 15 39 14 
40 165 167 7514652 23 1 39 22 12 8 30 23 24 32 7 5 9 13 35 37 29 28 15 17 21 2 3 26 
1 165 166 18172760 24 23 20 34 15 38 36 19 10 33 7 28 2 31 17 6 30 12 39 22 13 8 9 37 5 
30 165 173 42026220 22 5 4 15 32 12 31 16 14 18 11 40 36 21 10 23 7 34 24 33 3 28 8 
39 165 172 7798000 20 16 32 29 14 37 9 30 17 27 26 12 4 22 8 18 13 2 35 31 33 
0
1
9 167 169 3056295 20 31 4 18 17 32 36 25 6 38 26 2 8 34 29 15 3 1 19 35 33 
1
21 168 170 23459034 22 38 11 33 18 7 30 1 2 25 28 17 12 32 15 19 16 34 6 23 26 4 29 
2
12 169 170 2546150 20 8 23 16 38 24 14 10 37 7 21 6 18 1 2 40 13 29 9 27 11 
19 169 172 13546968 21 29 11 34 32 10 27 30 15 18 1 3 5 26 17 23 38 22 40 28 21 33 
6
4 170 182 1158755 22 40 26 36 31 7 9 30 2 5 12 3 6 24 37 16 23 39 34 1 21 20 15 
26 170 181 20177100 21 21 2 31 19 13 24 36 14 1 17 40 32 10 38 4 23 15 18 6 27 35 
30 170 171 2002838 20 5 26 23 11 29 9 15 13 32 3 12 8 16 4 38 24 7 28 18 1 
8 170 203 3860020 21 7 10 3 20 22 30 39 11 38 28 12 13 4 32 29 16 19 35 6 33 17 
12 170 183 69584158 23 1 14 11 5 20 15 7 36 38 8 19 10 22 32 6 21 28 24 13 31 26 29 40 
36 170 177 2820032 23 23 18 27 24 13 29 37 9 22 14 19 20 28 2 26 31 6 12 34 40 32 10 17 
0
2
16 172 186 63704550 24 31 38 6 15 2 10 34 13 40 12 26 22 9 19 18 7 29 4 30 37 23 36 35 1 
12 172 195 8162832 24 40 18 21 27 25 16 35 31 24 26 32 37 3 34 8 14 36 22 13 19 6 38 9 28 
2
10 173 185 49409841 24 26 11 1 13 33 32 17 14 9 25 7 38 21 2 20 37 31 27 8 24 40 4 6 39 
24 173 179 11017706 24 13 9 19 4 23 12 6 15 8 1 20 30 2 22 39 7 21 29 33 32 11 5 25 16 
1
11 174 200 13065597 24 13 34 21 35 10 23 12 5 22 26 20 8 1 33 25 6 37 14 31 7 30 32 18 29 
2
12 175 177 8585637 21 16 3 37 22 26 35 30 24 10 19 7 17 28 40 2 8 23 18 33 9 27 
22 175 182 16224 24 31 29 21 15 16 14 5 36 7 3 10 35 28 24 18 19 1 11 20 39 38 6 2 37 
2
6 176 189 34668718 20 39 22 38 32 19 31 37 40 13 10 20 3 24 29 5 25 14 7 28 18 
38 176 192 21580514 20 12 25 22 39 2 6 15 40 19 32 30 14 5 28 35 29 10 16 33 3 
2
20 177 185 24722667 23 29 17 5 24 37 10 27 1 26 23 35 28 32 4 21 2 30 6 38 12 33 16 19 
14 177 216 30472560 23 36 38 35 31 15 7 21 4 29 10 5 20 11 9 6 12 13 2 17 26 18 37 1 
2
30 178 179 4219830 20 2 18 29 32 1 10 28 16 34 8 15 3 37 35 12 13 21 14 27 19 
23 178 179 3226806 23 20 11 3 30 29 32 9 19 26 12 5 38 27 14 40 6 8 28 35 18 10 15 7 
1
3 179 195 25345334 22 35 38 17 23 24 36 26 18 1 5 27 19 34 31 12 8 39 16 20 10 9 22 
3
13 180 192 35161828 24 35 36 18 30 33 20 7 9 26 25 19 4 34 38 37 21 5 16 40 22 17 11 31 39 
33 180 188 49745079 23 3 17 38 20 37 7 27 19 10 28 30 2 9 4 14 11 13 6 5 22 21 31 35 
37 180 184 2011440 21 5 33 10 23 22 31 34 39 11 32 4 15 14 3 20 18 6 2 8 36 30 
1
26 181 189 17121501 21 15 3 34 32 17 33 16 7 37 27 22 18 30 25 9 21 19 11 8 39 38 
4
13 182 191 56249840 23 27 4 3 8 40 30 18 7 15 22 24 20 31 32 5 1 37 10 28 25 21 29 38 
30 182 183 6680038 24 16 12 23 13 33 15 2 17 20 1 34 36 11 27 38 7 35 32 26 3 24 8 25 21 
36 182 196 19206810 20 17 30 9 4 14 18 32 24 20 34 3 23 29 26 39 10 5 27 19 13 
38 182 185 1452708 24 11 18 4 2 35 32 36 31 27 7 17 8 39 34 14 5 6 25 10 20 3 30 16 21 
2
27 183 184 12209172 22 33 9 34 26 25 13 7 24 39 30 5 12 38 6 32 40 20 3 16 10 4 21 
12 183 203 29550297 24 39 17 27 18 2 31 35 40 19 29 8 20 22 25 6 3 7 10 23 1 37 14 13 28 
1
31 184 188 19641170 22 30 28 3 38 39 15 36 18 19 35 33 1 21 16 20 24 9 22 26 14 23 17 
2
31 185 192 7136600 22 14 22 11 33 18 37 13 10 36 29 25 40 17 26 8 34 15 39 16 28 23 6 
33 185 187 265083 23 37 22 26 19 11 23 16 13 24 39 18 32 8 10 9 14 12 17 28 38 21 6 3 
3
38 186 190 9493765 24 39 8 34 11 6 13 4 33 28 36 16 26 10 15 1 3 17 20 24 27 12 37 25 19 
12 186 191 1413306 22 6 16 1 13 38 4 31 20 9 40 10 28 17 19 5 11 2 35 21 36 33 14 
30 186 187 12098860 20 2 8 27 20 5 15 9 14 12 6 31 4 7 11 24 17 23 39 1 29 
3
2 187 205 18084086 22 27 16 22 32 7 29 4 34 5 6 21 36 19 18 31 3 28 30 26 38 12 14 
30 187 201 18116745 20 16 20 35 37 1 39 40 7 11 15 22 25 21 2 18 32 8 9 4 6 
11 187 193 2500204 21 35 12 17 27 2 38 22 39 24 7 40 3 8 33 13 14 31 37 19 9 34 
0
1
8 189 224 60556428 23 16 31 19 21 32 15 29 37 14 24 10 40 6 13 34 4 22 7 39 18 25 30 26 
3
21 190 208 39791909 21 19 40 24 32 27 31 4 25 17 20 33 14 1 18 36 15 34 5 28 10 38 
34 190 207 45387216 24 11 1 24 18 31 37 6 8 25 17 13 19 35 29 30 15 22 39 5 27 36 2 26 4 
3 190 195 19937136 22 18 24 21 23 11 34 5 37 13 8 17 33 4 28 15 19 26 40 31 36 2 27 
2
20 191 214 24933720 20 30 31 18 2 29 27 26 7 21 24 32 33 6 3 16 11 37 13 1 40 
19 191 222 37134560 21 37 22 15 26 29 11 21 14 31 23 5 24 17 20 35 18 39 33 7 3 9 
2
32 192 195 37497076 21 21 4 9 26 14 1 24 33 34 29 40 16 25 19 39 37 13 10 18 2 17 
39 192 199 1665368 20 3 5 10 16 30 19 24 31 6 8 29 17 33 35 7 4 20 13 12 34 
2
4 193 203 10533149 22 26 14 15 21 19 23 3 30 29 9 16 27 40 20 36 34 35 24 32 1 31 39 
33 193 199 43518363 24 22 1 13 28 11 39 10 23 21 31 2 17 5 29 35 32 7 16 14 19 6 27 37 38 
0
3
38 195 271 106648696 24 15 37 19 24 36 18 34 29 20 14 31 9 5 7 25 3 33 13 16 40 35 12 11 22 
30 195 225 36874283 24 15 32 33 12 36 1 25 29 2 19 18 26 37 16 17 3 14 8 7 9 5 4 35 11 
17 195 198 1476328 22 11 39 3 34 23 22 21 33 40 4 36 24 6 30 32 20 26 31 9 10 19 2 
1
19 196 206 44464552 22 40 34 31 4 22 17 37 3 5 21 30 11 12 10 16 36 9 25 20 28 1 23 
1
33 197 203 19040567 24 6 11 26 35 1 38 32 22 2 31 5 23 30 20 8 18 12 40 16 14 9 37 3 25 
3
15 198 209 27706380 24 34 13 22 35 20 29 39 33 8 9 23 19 27 37 21 25 26 40 10 14 7 38 16 4 
7 198 260 84823641 20 30 22 36 35 15 28 8 3 31 12 29 34 5 4 26 6 37 20 38 25 
3 198 224 47404116 24 1 8 40 28 17 36 12 38 20 27 22 21 14 4 7 16 13 9 10 5 19 6 23 26 
2
18 199 223 9877650 21 10 30 33 14 40 34 9 36 21 20 26 6 25 13 31 28 22 32 11 12 35 
3 199 229 129954294 24 1 4 5 22 26 31 15 9 16 6 25 30 38 14 23 24 28 36 17 37 27 21 12 19 
2
15 200 206 28071631 24 39 26 21 8 38 37 27 17 13 2 23 30 9 14 35 25 3 4 1 32 18 28 34 6 
3 200 201 7109922 21 28 40 24 20 36 35 25 6 16 14 15 12 30 32 39 33 2 27 9 13 22 
2
34 201 203 10188825 21 3 35 40 36 38 5 18 31 29 23 6 11 26 17 4 32 33 15 27 25 13 
12 201 202 4982942 24 11 5 3 34 20 35 7 37 2 4 19 27 21 40 29 28 18 30 9 38 14 24 25 6 
2
1 202 211 1502530 24 8 18 11 22 38 6 7 40 23 37 20 10 33 25 28 27 34 3 26 15 17 31 24 39 
36 202 222 53254362 24 10 23 31 8 25 15 13 27 38 34 1 19 30 33 12 14 29 28 32 18 20 3 9 6 
3
10 203 241 124944651 22 5 1 35 37 18 28 30 11 2 21 14 15 26 23 31 8 40 12 7 29 4 22 
14 203 242 157746040 22 18 39 15 31 7 37 9 38 24 13 33 20 3 19 21 34 1 40 5 27 12 8 
32 203 226 2109336 22 34 23 33 1 6 2 9 19 38 28 18 22 36 7 30 3 29 21 31 4 12 11 
0
2
26 205 207 1380948 24 39 40 2 19 34 5 27 31 14 24 1 22 6 9 36 12 3 13 28 25 11 10 17 30 
12 205 208 32011812 22 15 38 10 13 9 20 26 40 19 34 30 14 18 39 1 4 29 17 32 6 3 5 
2
2 206 211 9553500 21 36 4 29 39 9 20 37 33 15 3 12 27 17 1 28 19 34 16 14 35 8 
22 206 219 2134314 24 8 17 12 23 40 20 16 3 36 19 29 15 21 14 39 34 4 26 1 6 9 11 13 24 
3
30 207 237 50710916 23 16 1 13 21 35 37 31 11 38 39 17 22 5 12 10 28 9 19 7 8 32 18 27 
4 207 211 3908860 22 18 11 36 3 28 27 10 12 9 29 7 19 34 40 22 21 31 25 37 17 24 32 
3 207 217 16678662 24 7 20 2 35 23 11 21 1 6 24 4 15 12 18 29 5 33 19 8 34 40 27 16 38 
1
15 208 209 914278 20 7 13 6 23 4 36 25 28 12 9 2 26 33 29 35 34 22 14 27 5 
3
11 209 248 121812920 21 24 5 8 9 15 37 2 17 32 20 3 16 13 35 39 27 33 30 26 14 36 
24 209 235 7897986 22 2 29 35 1 14 36 6 7 8 5 21 28 13 31 30 17 19 40 27 34 12 32 
19 209 217 21073023 23 28 39 22 38 9 17 14 10 12 34 25 33 13 15 32 21 30 20 8 31 1 40 11 
1
33 210 223 1024380 20 31 1 39 22 34 17 28 25 3 9 30 13 21 8 24 2 5 26 18 36 
3
40 211 221 69493776 20 1 17 35 10 33 37 9 39 28 2 23 19 18 32 8 36 13 31 5 14 
26 211 213 2559513 22 21 11 6 39 28 8 22 36 25 13 30 23 5 14 17 32 9 33 4 34 35 2 
9 211 213 1666254 24 28 1 16 32 21 10 12 5 20 17 13 35 26 37 8 3 11 15 38 23 19 40 18 2 
3
14 212 223 33443436 24 20 37 23 34 15 38 1 19 24 7 32 12 18 13 40 4 3 8 22 17 2 30 28 35 
17 212 214 2624160 24 6 31 15 10 28 33 1 26 12 19 13 27 30 2 40 14 23 3 16 38 32 5 20 29 
39 212 215 6768088 21 14 24 25 11 3 34 18 17 28 32 36 38 13 35 6 21 19 1 20 7 15 
3
32 213 232 28677840 23 40 24 26 33 3 17 1 6 13 29 18 9 35 39 15 16 23 37 7 28 34 4 8 
4 213 225 31239455 24 2 24 39 31 14 6 30 8 32 17 26 23 21 29 20 16 18 12 34 35 1 37 28 15 
28 213 227 35797065 21 31 36 16 6 7 3 25 1 26 37 8 30 17 32 18 22 15 11 2 4 12 
5
16 214 217 4216328 23 3 28 33 37 18 19 24 12 23 31 39 15 7 34 30 2 27 36 9 1 40 32 21 
1 214 242 17942329 23 2 19 17 29 37 13 22 30 4 31 10 8 40 20 7 6 9 28 5 21 39 3 35 
26 214 216 793455 22 28 36 25 17 3 8 16 24 2 11 19 38 18 22 40 13 9 39 35 32 29 23 
22 214 226 26524186 22 20 13 36 30 3 15 34 38 35 28 23 5 6 14 10 21 4 24 40 33 7 32 
14 214 243 28936110 24 5 20 12 30 21 39 38 28 4 24 26 13 32 9 8 2 33 25 31 19 29 7 11 15 
1
32 215 218 1588244 21 34 7 20 28 19 17 2 15 13 12 31 33 36 26 6 1 30 25 27 14 9 
1
39 216 220 3782180 23 26 33 15 23 34 19 24 20 7 18 9 10 11 13 3 17 30 25 5 35 32 14 21 
2
22 217 221 2174030 20 38 36 10 2 4 37 7 33 18 34 8 6 29 19 30 5 23 16 28 40 
18 217 221 3049570 20 9 35 38 23 29 32 19 16 13 17 14 5 21 39 11 30 1 2 8 12 
1
33 218 233 81183504 20 12 1 4 28 23 32 6 19 15 38 16 31 21 39 2 37 5 3 30 26 
4
37 219 252 154564918 21 22 27 10 1 2 40 17 13 21 19 29 30 35 11 15 26 34 38 36 33 5 
2 219 248 6615450 22 4 20 27 26 25 38 33 16 29 39 8 37 17 28 10 13 36 18 21 11 34 15 
11 219 225 6843900 21 18 37 25 33 27 24 32 38 1 35 10 12 28 20 26 30 8 17 9 2 21 
24 219 231 17370314 22 12 26 31 37 5 29 33 2 28 9 10 39 16 20 22 8 3 25 18 38 15 14 
1
20 220 244 23839150 22 34 31 5 3 27 8 9 25 24 30 16 22 26 29 33 21 37 15 18 4 2 40 
3
31 221 223 359127 22 13 39 10 30 12 26 22 35 15 17 5 2 29 14 34 3 20 9 7 18 8 4 
7 221 259 97004700 22 17 38 32 29 10 33 15 9 3 27 28 12 2 5 22 8 19 14 20 11 36 1 
25 221 223 12705978 23 24 8 27 10 15 6 31 29 14 16 4 22 40 19 20 33 35 12 11 37 2 5 28 
3
26 222 223 551886 23 23 7 2 25 32 33 5 21 17 20 28 16 4 38 3 40 37 39 22 34 13 1 11 
21 222 252 33317188 24 32 22 10 11 13 34 36 20 4 5 35 27 30 37 7 3 17 2 29 39 8 31 28 15 
35 222 232 29811518 20 5 18 37 26 32 31 10 22 8 33 34 19 28 13 20 17 16 9 12 24 
1
37 223 228 7914378 20 33 20 11 15 27 1 2 29 14 12 9 19 38 32 34 21 23 13 39 18 
0
3
35 225 227 2494134 21 2 11 15 32 12 9 36 24 39 4 20 22 19 25 16 14 17 26 7 18 31 
14 225 247 48145348 21 4 20 1 36 22 31 30 33 37 32 11 16 29 27 2 8 21 24 19 13 5 
11 225 226 843490 21 17 9 25 5 10 8 27 22 32 7 33 40 14 19 21 20 12 36 4 2 38 
1
28 226 238 9089275 22 17 12 13 11 36 6 22 8 23 32 1 25 10 34 39 3 26 5 35 7 16 29 
3
31 227 234 21074960 20 14 30 7 33 28 21 1 24 22 32 13 16 23 5 36 40 18 9 4 27 
5 227 248 35705626 22 18 20 30 2 38 31 27 34 35 7 8 22 25 39 9 12 15 19 17 40 11 36 
35 227 235 23985387 21 23 6 4 31 8 33 34 1 10 3 29 32 9 2 38 15 18 19 17 30 11 
3
19 228 233 18186498 22 4 21 10 11 8 22 40 18 31 3 7 2 32 28 29 33 23 15 20 14 34 13 
5 228 270 58087238 23 30 22 14 36 13 40 35 10 12 34 11 29 20 37 2 15 7 26 39 25 33 18 31 
24 228 236 13446252 22 18 23 2 14 32 5 8 39 10 34 7 33 16 28 6 20 30 26 3 15 38 13 
2
24 229 251 98110456 21 31 11 12 27 19 25 17 6 39 28 23 29 21 1 38 30 4 7 37 26 20 
31 229 264 71967096 23 9 34 29 21 32 2 38 37 13 40 33 19 30 25 6 14 8 24 35 18 15 16 23 
1
12 230 250 86674833 21 40 33 23 28 35 7 11 22 14 5 24 27 32 29 2 1 26 36 20 9 38 
2
2 231 233 3588639 23 19 17 22 9 16 7 6 30 21 20 10 39 18 27 34 31 35 36 29 8 25 5 28 
27 231 239 1538424 24 36 15 37 13 4 14 30 10 6 2 34 22 29 25 9 12 32 20 1 35 17 23 28 39 
2
30 232 257 53884194 22 7 25 16 32 12 37 8 34 1 20 31 24 21 4 27 6 9 39 5 29 18 13 
14 232 233 2306330 22 31 25 15 17 4 16 18 2 23 38 29 12 34 11 10 13 36 8 27 19 7 37 
1
19 233 255 8959098 22 25 20 5 18 37 30 2 8 31 40 21 34 10 1 17 6 16 36 33 12 11 3 
1
1 234 257 36492600 23 6 38 10 17 34 28 12 33 40 35 14 22 25 15 8 26 36 23 7 21 5 2 27 
2
5 235 239 547680 23 6 32 7 21 8 34 38 16 10 23 14 30 18 24 37 36 13 1 11 3 25 4 22 
26 235 241 1010989 24 21 2 5 17 1 8 16 10 32 29 3 27 23 12 11 15 37 24 19 18 40 7 20 28 
1
23 236 259 78190008 20 27 29 34 21 16 13 20 35 25 26 19 11 4 7 31 5 18 1 32 37 
3
34 237 240 1888148 24 10 14 16 27 23 40 26 24 5 36 15 19 21 17 30 2 8 32 39 35 9 33 22 7 
17 237 247 4210118 24 29 32 25 39 18 16 35 11 5 1 33 15 23 37 26 6 31 22 10 36 13 9 19 20 
35 237 240 8796000 24 23 30 18 32 17 2 26 31 1 5 11 33 19 39 7 12 14 34 22 29 9 36 20 28 
1
35 238 248 48296369 21 8 36 40 22 16 10 24 11 34 33 32 13 17 12 38 20 28 21 6 39 29 
2
34 239 240 1407738 21 11 19 26 36 9 25 21 32 22 16 15 38 12 5 7 31 13 29 18 14 23 
5 239 250 11222412 22 9 11 7 29 40 16 8 31 30 10 14 4 17 23 15 37 22 12 24 1 21 2 
3
32 240 256 35310615 23 20 31 14 37 29 22 9 36 16 15 30 19 4 3 26 6 8 25 40 2 34 18 35 
34 240 242 2199171 23 17 33 32 28 21 2 25 16 11 23 14 9 15 5 31 12 4 7 20 6 10 3 18 
40 240 255 18647648 24 35 16 8 30 3 4 19 14 25 5 15 7 33 24 9 29 32 28 10 13 38 34 22 17 
1
20 241 245 6940565 23 31 22 26 1 18 5 29 38 10 33 12 32 39 37 7 21 4 16 14 36 24 30 28 
3
13 242 245 5799016 22 24 26 40 16 11 18 1 19 4 2 36 38 5 12 10 23 25 20 7 17 37 9 
4 242 252 9353223 24 17 29 5 31 14 40 15 2 30 27 6 20 12 25 36 13 39 24 10 34 19 21 37 35 
39 242 263 10247314 20 24 23 15 31 21 11 27 22 25 32 30 40 26 28 13 6 10 3 18 12 
2
34 243 247 27973900 24 37 40 35 20 15 16 21 28 36 17 18 3 31 32 4 38 14 24 30 19 25 12 11 1 
27 243 248 6462120 24 14 33 39 6 29 3 10 24 40 4 37 13 11 25 22 16 17 5 32 31 28 19 26 9 
4
32 244 255 242304 22 38 6 23 13 7 34 21 15 25 5 35 1 22 39 3 10 24 17 16 4 28 36 
14 244 253 34762780 22 38 2 8 7 36 25 3 10 12 37 1 40 24 13 15 28 29 9 21 4 18 11 
30 244 250 10469438 20 13 2 1 18 21 32 3 34 29 11 19 37 39 8 5 24 25 16 40 4 
22 244 251 1762168 24 18 5 37 20 24 6 26 13 8 2 34 11 29 1 39 21 3 4 30 32 40 14 38 9 
3
13 245 268 6635448 22 7 34 36 3 38 5 14 16 27 39 32 18 9 37 10 35 1 28 15 33 21 20 
37 245 248 9016712 23 12 13 1 4 14 32 29 33 25 24 28 3 19 34 38 23 6 17 5 7 39 10 9 
32 245 261 70103427 22 3 37 38 11 12 35 5 8 18 7 4 36 2 29 1 10 24 9 30 25 20 22 
0
1
7 247 254 5085032 24 15 24 1 9 23 39 29 5 13 4 40 33 6 3 21 20 38 2 22 11 36 35 26 8 
3
3 248 254 10055374 23 40 19 14 13 22 1 24 29 33 2 20 16 28 26 23 36 17 38 25 11 10 21 4 
8 248 261 8002470 24 27 21 32 19 6 12 38 40 14 22 9 33 4 35 3 2 39 28 37 30 23 5 31 16 
9 248 276 105440114 23 12 37 13 32 10 40 18 23 20 7 17 36 27 22 39 16 31 8 11 4 25 3 33 
4
18 249 250 1659456 23 1 39 31 4 24 5 26 36 20 21 29 38 16 8 17 28 10 14 34 3 9 12 33 
8 249 267 29771575 22 40 30 25 9 6 31 34 22 21 29 36 3 15 26 33 39 32 12 23 5 27 28 
11 249 254 1096314 23 12 29 30 27 35 8 10 1 31 9 13 6 2 22 20 32 24 16 3 21 25 23 14 
10 249 268 78185960 21 3 18 1 14 29 23 30 15 33 37 22 25 35 13 17 19 40 39 24 9 26 
1
3 250 268 120050778 23 18 25 28 1 12 15 8 37 22 5 34 26 4 19 30 35 21 32 23 33 20 7 2 
1
20 251 269 70724213 20 30 10 36 4 38 17 39 34 13 32 26 1 7 6 22 29 14 31 24 33 
3
35 252 276 4769175 21 26 8 9 11 36 7 16 13 22 32 19 5 3 37 34 12 38 4 1 31 39 
4 252 253 677950 21 26 17 2 36 1 18 11 35 31 7 13 16 10 23 12 21 22 24 9 15 40 
18 252 283 132622528 21 3 29 19 39 21 7 27 10 5 11 37 26 31 22 38 36 24 13 34 35 16 
3
32 253 255 8559000 23 9 10 22 6 24 1 15 27 20 14 5 25 13 31 4 38 18 34 40 28 3 2 19 
11 253 263 25523696 21 23 30 34 6 32 31 9 22 24 27 26 19 37 36 28 17 39 38 5 3 2 
7 253 257 6314040 24 34 6 5 13 21 16 20 19 29 25 15 26 39 2 32 35 23 1 4 22 30 37 36 40 
1
12 254 282 32915667 22 17 2 5 7 24 31 14 28 8 3 21 6 39 35 27 33 20 30 25 23 40 26 
1
3 255 276 8236382 20 16 4 39 24 26 21 2 19 5 27 8 18 25 10 29 11 15 32 38 14 
2
27 256 264 14351751 23 38 2 29 14 40 8 32 22 3 17 16 20 24 39 35 30 37 6 25 11 26 33 31 
39 256 281 5196828 24 8 36 33 17 31 16 37 20 19 18 11 3 21 12 24 1 15 2 5 10 27 32 26 35 
1
34 257 266 13959070 21 21 24 6 38 29 32 4 16 3 26 10 30 7 36 11 12 17 14 1 40 19 
2
15 258 276 96779920 20 8 10 12 36 28 38 39 1 26 4 5 31 34 24 37 17 30 16 13 21 
14 258 270 24487008 22 10 5 33 15 8 26 7 34 2 18 29 36 37 25 23 1 31 19 6 13 32 11 
2
21 259 270 20084364 21 17 23 35 26 24 33 8 10 5 27 14 4 15 7 28 22 30 32 40 37 11 
34 259 281 42568423 20 9 25 40 26 27 21 4 1 20 6 33 18 32 39 14 11 36 38 12 13 
3
31 260 271 1844796 24 17 27 28 5 3 38 22 10 4 11 15 13 26 32 25 24 6 1 21 30 36 16 29 8 
1 260 261 3748720 24 28 4 20 19 31 38 36 12 33 40 15 37 11 3 7 21 2 18 8 6 32 27 13 16 
16 260 270 68332143 22 29 3 15 31 39 24 28 37 36 19 12 14 40 23 33 35 32 4 7 25 34 17 
2
15 261 277 48952469 20 29 31 37 20 23 3 30 40 16 6 21 34 26 13 36 32 10 4 14 11 
35 261 282 4342382 23 20 30 17 1 28 8 13 38 39 24 32 33 36 4 34 12 15 19 5 25 3 23 16 
1
10 262 272 6313769 20 25 39 24 15 30 6 8 19 4 3 40 9 11 34 36 32 17 12 18 14 
2
20 263 283 3859359 22 16 29 1 6 34 31 17 35 36 22 33 12 32 23 9 2 28 27 37 18 40 25 
2 263 276 8353142 20 28 17 33 5 27 36 26 6 10 14 34 29 37 11 4 24 1 31 13 35 
3
20 264 265 1203816 23 34 18 32 38 27 23 10 17 8 6 15 1 39 4 13 30 9 5 29 16 26 3 19 
17 264 268 1931875 23 10 34 24 5 33 4 1 25 40 30 14 3 20 29 31 13 32 12 7 22 38 26 35 
39 264 273 10819940 24 19 27 40 23 22 33 4 29 3 37 24 2 28 17 30 1 21 9 35 16 31 7 32 11 
1
21 265 271 1293579 22 30 29 23 39 9 10 18 8 36 4 31 34 28 35 7 14 2 40 3 33 1 11 
1
30 266 271 1043250 24 10 23 18 32 29 7 36 22 9 35 4 12 1 11 6 5 2 16 25 17 28 21 34 19 
1
31 267 278 24379260 23 14 38 12 39 3 13 1 29 9 8 24 26 17 28 4 11 37 15 20 32 6 27 19 
2
24 268 272 8412675 24 6 12 1 19 7 18 5 33 3 39 23 11 26 22 31 36 17 15 16 38 37 32 4 34 
28 268 271 6471828 22 14 30 3 4 24 13 19 17 7 9 26 38 27 21 12 35 16 36 29 8 6 5 
4
21 269 287 72472973 20 8 14 10 34 9 19 32 31 23 11 24 13 5 39 27 12 16 25 28 29 
2 269 286 3542976 20 19 33 4 17 27 12 6 5 22 34 31 37 39 7 21 10 36 20 28 24 
36 269 271 8814960 23 6 37 4 13 15 24 32 7 2 31 1 25 12 18 27 14 38 26 19 30 33 22 10 
20 269 276 193864 24 22 35 5 29 3 13 25 39 19 1 4 21 17 40 9 30 26 7 38 15 14 36 2 18 
2
15 270 282 15406144 21 3 24 21 16 17 8 25 38 4 37 14 19 10 28 7 22 31 39 2 33 12 
14 270 283 1103550 21 31 32 4 8 10 20 15 23 35 24 13 29 7 18 39 33 25 16 22 9 3 
1
4 271 272 1723706 22 14 27 15 6 24 9 8 11 28 21 3 38 1 25 29 12 19 18 40 30 31 5 
4
10 272 274 470997 21 3 4 12 7 32 31 39 21 20 40 1 28 5 18 37 35 17 24 29 33 34 
20 272 276 4324045 20 37 9 36 27 28 7 10 6 39 22 8 38 13 34 11 16 18 17 12 19 
17 272 278 5080481 22 14 7 2 40 32 25 19 1 24 31 6 27 23 12 16 39 9 38 11 22 4 15 
31 272 274 1162323 23 21 16 2 8 27 11 12 38 10 37 3 20 35 36 32 1 33 17 29 7 30 9 18 
3
4 273 277 5115625 20 31 3 18 40 1 5 25 21 7 26 24 6 37 32 17 13 27 39 10 36 
29 273 284 6193224 22 22 27 9 18 40 33 10 14 35 23 25 17 19 39 20 13 28 3 15 38 2 7 
20 273 274 1157722 22 25 3 1 36 12 26 21 6 7 22 2 11 17 13 34 23 16 4 18 31 27 38 
2
28 274 279 1191600 24 34 23 3 1 26 7 32 36 18 15 13 14 31 37 21 39 5 11 29 22 27 40 33 35 
25 274 284 3887620 20 18 3 40 36 12 22 4 26 6 29 37 27 19 16 20 39 32 35 30 28 
2
19 275 276 363838 21 11 12 40 23 3 34 36 25 37 16 21 7 27 32 31 4 9 26 30 6 5 
26 275 287 15285348 24 13 37 31 4 9 21 25 20 8 12 30 7 5 36 29 28 10 1 32 24 40 2 23 35 
1
7 276 286 54292953 22 16 40 25 39 9 33 6 3 1 24 29 2 22 35 11 14 10 36 32 21 19 13 
2
8 277 286 38086250 24 9 33 11 40 29 26 34 12 13 38 23 1 19 37 6 17 36 18 21 32 31 30 39 24 
24 277 280 4199832 22 14 13 3 4 7 34 37 40 30 19 35 10 26 22 21 20 18 28 6 32 17 12 
4
18 278 287 18722260 23 9 37 27 4 20 10 5 22 8 15 25 11 35 12 1 34 3 33 14 17 39 16 2 
9 278 284 32126682 21 10 3 38 23 17 36 1 18 26 22 19 7 5 30 33 24 13 31 14 37 29 
16 278 283 13827972 20 24 33 4 14 40 9 28 5 15 3 7 29 6 12 22 27 21 32 18 26 
32 278 284 11482261 24 31 2 27 19 17 13 9 35 7 38 10 21 24 5 20 8 25 37 1 39 3 40 33 4 
2
37 279 285 13914859 23 40 17 34 13 32 11 26 30 28 22 9 24 31 8 1 15 12 14 20 27 18 3 29 
14 279 282 9664260 22 28 25 8 7 26 33 2 19 34 20 3 11 18 4 24 38 21 40 32 22 1 35 
1
34 280 287 66131848 23 30 6 17 13 5 36 4 14 26 38 8 24 9 12 22 39 18 29 25 1 21 7 3 
1
34 281 282 5317650 23 29 35 11 38 8 7 21 25 13 4 40 36 27 31 37 9 10 33 23 28 16 3 24 
3
10 282 285 12630136 23 15 17 2 35 4 5 20 11 18 38 39 28 26 8 7 13 12 1 9 19 6 37 36 
3 282 286 16551400 24 30 21 15 14 29 1 4 17 23 34 25 6 31 22 7 32 9 8 35 20 10 39 40 33 
15 282 284 3590235 20 9 17 34 24 16 8 20 29 1 33 36 38 12 39 30 2 5 4 28 19 
2
3 283 286 9635604 23 6 2 12 9 7 4 22 39 21 27 15 14 24 19 10 26 17 28 32 33 31 34 5 
36 283 286 14201468 23 32 40 4 26 13 17 23 15 19 33 35 9 34 8 21 30 11 2 14 10 29 18 38 
3
40 284 286 6724140 22 11 9 5 27 28 37 6 24 22 10 34 18 33 32 19 26 29 23 30 15 4 13 
7 284 287 13738768 20 32 20 4 23 3 34 30 8 26 35 19 15 27 18 36 9 1 39 29 33 
15 284 286 14662209 23 32 28 4 38 36 5 21 33 12 19 20 2 24 3 30 29 7 35 25 26 8 27 13 
0
3
24 286 287 4454144 24 30 3 29 17 38 20 35 11 10 4 39 16 36 1 33 40 32 26 37 6 13 18 9 19 
33 286 287 1247958 24 29 21 19 8 11 23 31 25 35 10 5 17 9 7 36 30 27 6 22 3 12 24 1 37 
24 286 287 6375898 22 33 1 11 2 17 21 27 32 22 20 35 26 4 29 16 9 12 6 8 7 23 15 
2
19 287 287 841164 23 26 30 14 12 22 11 16 39 20 35 9 6 13 25 40 1 33 7 10 27 5 23 15 
30 287 287 1980109 20 2 17 5 18 39 19 1 10 31 40 33 4 24 11 8 27 20 9 29 6 
