1
25 0 18 22987948 21 6 22 31 40 17 15 36 28 35 24 21 9 14 39 16 11 7 18 33 4 32 
0
2
40 2 3 20728650 24 16 2 7 39 6 38 11 10 4 35 28 30 32 26 31 25 5 34 20 18 17 27 15 23 
32 2 10 159710769 24 22 28 38 19 30 1 33 25 13 17 26 37 5 4 15 14 29 36 39 8 21 20 2 24 
3
17 3 41 101505690 21 11 18 20 22 16 31 23 39 6 19 14 24 37 3 28 26 21 2 30 5 8 
5 3 7 42226430 20 39 20 28 18 29 8 13 22 35 16 34 33 21 10 27 36 26 12 6 37 
32 3 19 425351917 20 11 33 12 31 19 39 3 14 20 5 2 7 6 15 24 4 18 34 10 25 
1
23 4 5 35093984 22 8 31 18 12 26 27 29 1 17 21 4 36 33 34 15 30 14 6 10 35 16 38 
1
19 5 16 23829492 24 18 38 37 30 6 4 27 26 33 12 36 16 11 23 14 32 31 25 34 39 15 2 24 29 
3
9 6 22 19526778 22 17 35 19 15 20 14 12 25 38 8 24 39 30 33 16 27 37 4 21 26 23 1 
27 6 20 33437145 23 26 23 13 20 1 15 6 35 4 28 11 25 31 18 33 39 2 8 14 38 21 10 24 
38 6 26 696007536 23 34 1 4 21 36 32 28 40 5 39 3 27 20 25 11 15 9 16 8 24 10 31 18 
1
17 7 14 38581328 24 13 20 34 14 26 36 29 5 3 22 30 7 25 1 15 23 32 39 31 8 38 28 6 18 
3
36 8 13 121697514 20 29 16 35 24 23 2 30 27 34 7 17 11 15 12 18 21 22 10 5 26 
19 8 12 43444140 20 37 24 12 11 34 27 26 23 16 6 17 14 7 25 35 1 15 2 4 36 
33 8 21 263428830 20 17 12 37 11 14 5 16 26 23 8 6 27 15 21 1 22 36 9 20 32 
3
30 9 31 920546135 21 37 8 33 23 5 39 18 7 4 36 27 17 29 25 22 2 3 21 6 28 38 
34 9 38 1315026120 23 36 17 32 18 29 28 3 38 39 20 22 7 10 13 30 11 26 6 12 40 14 2 19 
21 9 14 406729938 24 30 5 19 35 28 15 16 38 11 40 3 24 2 39 20 12 23 10 27 34 18 26 8 17 
2
34 10 13 102758852 21 16 29 12 21 19 1 7 33 4 22 10 8 3 24 18 5 20 6 17 9 31 
23 10 23 790022422 21 20 16 38 36 31 28 2 17 9 22 14 8 39 24 25 13 1 7 21 4 5 
2
9 11 20 125806050 22 37 17 1 40 38 25 11 14 33 8 27 12 29 30 39 22 4 26 18 16 28 2 
38 11 14 58830692 21 23 3 35 9 5 19 39 6 8 16 26 27 22 12 15 17 14 36 4 11 7 
0
1
2 13 21 206354997 21 39 28 8 3 11 20 12 30 1 37 29 25 19 4 9 40 22 38 35 15 13 
0
1
17 15 17 8347707 22 30 19 11 29 39 6 3 12 2 16 8 14 1 38 25 37 18 40 35 34 26 5 
4
3 16 20 83414260 23 6 9 1 18 30 4 29 22 19 24 37 8 7 27 34 14 32 35 11 13 23 39 16 
32 16 18 41981694 20 20 19 5 29 4 39 33 18 16 36 2 6 14 15 10 24 11 7 28 26 
38 16 24 106800039 20 5 36 10 26 17 19 6 18 40 3 23 20 39 22 25 13 2 8 7 27 
7 16 18 25426626 20 36 23 17 5 2 25 1 15 35 29 32 31 22 37 3 21 34 4 12 24 
1
1 17 20 87316708 22 20 28 34 39 37 10 2 36 38 14 26 27 19 4 25 31 40 29 16 24 7 35 
2
7 18 20 30829269 21 11 1 23 2 26 29 40 16 13 34 21 3 10 19 24 30 38 35 39 8 32 
22 18 19 52434472 21 33 24 19 8 7 30 31 14 1 29 35 6 28 21 15 37 16 32 10 11 23 
4
35 19 37 882173781 20 20 1 11 13 25 31 26 22 3 15 8 9 12 10 23 24 33 18 39 29 
38 19 24 205163364 22 32 1 12 11 26 15 3 19 28 22 2 36 10 21 33 20 7 40 8 31 34 24 
27 19 71 282461062 20 36 33 13 30 12 17 38 9 39 32 3 29 2 37 7 14 35 31 4 21 
18 19 31 58735664 21 3 23 32 8 16 38 31 37 11 17 24 33 9 35 15 6 27 5 26 7 22 
1
4 20 28 189899676 22 11 30 32 17 28 1 18 8 3 38 6 39 15 40 37 7 9 5 22 35 27 13 
2
33 21 35 2018053440 23 14 23 15 8 39 6 3 36 7 5 11 16 1 38 34 35 20 21 12 29 18 22 4 
33 21 39 174789835 24 19 2 20 5 3 22 27 24 28 15 13 23 11 36 14 12 40 10 32 39 31 17 25 4 
4
22 22 26 216023830 22 11 7 8 15 13 12 30 38 26 21 34 14 40 5 2 25 9 35 10 23 27 24 
13 22 27 522610548 20 39 1 17 38 31 18 22 25 35 12 11 20 9 7 23 24 32 30 40 6 
32 22 30 401485761 21 37 5 16 30 25 34 23 17 3 24 40 27 15 8 14 12 21 1 36 13 11 
11 22 25 16475752 24 9 38 5 16 32 24 22 2 17 23 27 21 36 19 40 3 4 34 1 15 35 33 29 6 
4
36 23 33 42991619 21 7 16 13 24 9 14 21 29 18 10 38 33 22 12 26 35 6 39 1 20 4 
19 23 24 2078696 21 33 18 39 38 4 17 3 20 14 37 6 31 27 13 23 16 35 12 34 2 8 
22 23 27 41316395 24 27 2 15 20 34 4 39 7 3 26 9 33 10 40 37 25 36 14 1 17 8 18 12 6 
24 23 24 13033068 23 40 19 17 15 33 35 9 1 30 26 16 22 28 10 25 7 4 14 2 13 21 36 20 
1
11 24 58 562819075 22 38 7 18 26 33 19 27 5 15 35 10 23 21 29 36 28 16 32 3 6 8 30 
1
19 25 32 264576912 23 6 30 37 33 38 5 7 11 18 26 35 12 25 14 4 9 31 13 29 2 40 21 36 
4
28 26 28 50525085 23 22 33 23 12 37 6 7 25 16 2 27 26 13 19 35 14 11 31 21 30 5 20 40 
31 26 58 85640016 21 28 29 22 34 35 10 38 26 32 18 15 20 7 36 25 2 5 24 21 17 6 
2 26 30 80276985 21 17 3 10 30 38 13 18 11 31 9 8 29 14 5 20 6 22 7 35 37 1 
22 26 28 54002622 22 3 37 6 7 18 17 35 32 27 26 14 16 38 19 40 25 39 15 28 24 12 34 
3
5 27 28 26650474 23 29 21 3 16 27 1 14 8 9 20 28 24 37 12 11 38 23 34 7 33 22 39 31 
34 27 33 63851417 24 33 10 24 2 12 23 13 7 1 31 16 19 30 28 11 9 4 17 36 21 3 25 15 32 
2 27 29 26152383 21 24 37 23 40 4 34 17 22 11 8 31 35 39 30 7 26 9 32 21 36 6 
1
8 28 40 306806786 21 24 30 25 33 2 23 7 21 3 29 27 32 36 5 15 39 40 6 16 12 1 
2
8 29 39 148699463 20 37 31 36 18 25 33 29 35 15 11 23 3 19 9 28 27 40 16 4 32 
22 29 33 149235435 22 26 40 12 20 19 38 31 15 8 11 18 4 36 6 9 23 27 39 17 10 5 32 
0
0
4
3 32 55 2147483647 23 19 27 9 15 29 10 24 40 20 7 28 4 26 21 16 25 33 31 35 2 23 36 11 
23 32 42 19275201 20 6 15 33 8 24 34 39 26 35 21 37 2 28 19 20 27 7 32 31 25 
34 32 50 1344036478 23 12 38 26 7 6 33 10 23 9 25 1 35 21 20 31 27 5 28 4 37 32 19 3 
13 32 57 388404718 21 10 20 14 21 16 38 37 39 18 23 12 40 19 30 15 26 24 36 11 29 31 
4
30 33 44 673434156 24 11 29 31 37 38 13 16 35 25 40 3 24 19 8 23 17 26 1 21 15 22 34 6 32 
39 33 40 117846560 21 9 15 25 14 21 32 24 2 40 1 33 23 20 19 3 4 17 16 13 12 30 
39 33 74 106088766 21 16 11 24 35 31 37 34 26 15 38 9 3 17 20 28 8 2 1 14 40 6 
20 33 45 168309557 23 38 33 12 18 10 14 6 29 30 19 7 26 5 8 32 37 11 31 34 36 24 13 28 
3
5 34 55 1013577928 24 19 14 4 20 39 23 25 26 12 29 30 3 8 35 6 17 31 38 13 32 15 11 27 36 
4 34 65 528504384 20 31 12 10 37 15 3 6 38 13 32 20 8 25 36 2 40 5 30 27 23 
29 34 61 2074980964 22 17 23 28 18 34 16 9 1 37 32 5 31 2 33 21 13 38 7 26 4 8 20 
0
2
15 36 44 46412883 24 19 32 10 29 31 16 3 7 18 8 39 26 14 11 12 24 20 36 30 37 40 1 35 33 
3 36 49 424352964 22 36 29 6 12 17 16 28 40 1 14 8 11 31 32 4 9 2 38 39 5 25 18 
2
23 37 82 103669050 24 29 6 19 14 32 2 11 21 17 24 34 15 31 36 13 25 39 28 33 30 4 16 38 7 
33 37 56 234875780 23 17 26 40 27 35 11 13 14 38 4 25 2 18 8 15 29 30 10 37 34 31 5 12 
0
5
36 39 49 67994630 20 26 18 17 35 9 25 37 30 38 12 40 1 22 28 16 21 19 13 6 39 
16 39 48 21673720 20 22 20 8 3 25 15 29 36 17 9 39 11 21 19 33 35 27 37 12 28 
4 39 57 42134533 22 20 12 25 2 31 1 14 7 19 13 36 23 11 22 39 40 33 18 29 3 8 15 
16 39 40 65340370 24 9 40 19 27 17 4 33 36 34 26 35 25 2 15 11 12 37 31 38 23 28 3 18 7 
37 39 49 40466866 22 16 35 17 10 1 34 33 40 6 39 4 2 36 30 27 13 20 22 38 23 26 3 
2
13 40 47 8684136 23 34 19 15 11 37 6 25 2 18 1 24 28 26 5 36 16 38 20 21 8 4 7 9 
15 40 48 120698640 20 7 30 9 12 13 26 25 11 20 31 21 8 14 19 34 22 40 16 3 32 
4
8 41 75 119088515 24 7 11 16 23 40 2 5 39 33 22 3 14 12 13 36 17 9 24 26 30 27 29 35 34 
36 41 69 391679046 23 3 26 30 15 13 9 8 20 28 23 12 29 4 5 38 10 34 2 31 24 33 19 18 
39 41 46 115142154 22 37 24 10 5 11 25 38 16 8 35 3 33 20 19 9 4 14 2 30 32 27 13 
15 41 81 996287700 24 12 24 23 9 6 25 5 32 11 33 21 39 27 38 4 16 22 1 34 14 30 36 26 8 
1
25 42 50 271842849 24 33 30 4 9 27 3 1 24 20 38 18 10 23 16 39 34 37 31 14 5 15 17 8 19 
2
35 43 60 468460566 21 1 29 7 28 5 34 13 12 21 20 16 18 4 6 2 26 23 14 19 24 15 
16 43 49 68052047 24 31 12 24 25 21 40 22 39 17 34 37 9 10 11 20 27 26 3 14 1 13 30 7 23 
1
4 44 50 697438259 20 36 15 11 34 17 6 31 18 5 8 33 7 35 27 1 20 3 10 21 9 
1
32 45 60 465870048 20 38 8 12 2 34 26 21 22 18 5 6 33 23 31 15 3 19 7 29 39 
2
18 46 64 163835328 24 7 17 34 38 33 12 35 16 9 23 1 19 4 26 25 22 13 30 28 15 5 27 40 36 
11 46 52 70266700 22 27 15 37 1 19 30 32 16 21 12 14 13 3 9 40 24 8 23 18 10 20 35 
3
33 47 69 13196595 20 40 22 26 9 2 38 5 10 28 6 13 1 24 3 8 19 15 17 34 30 
36 47 51 253745990 20 32 3 30 5 31 34 35 21 13 40 11 4 33 1 29 37 20 23 25 28 
14 47 51 74001940 21 9 15 27 37 5 21 8 18 16 34 3 35 22 1 12 17 7 24 26 6 10 
1
25 48 52 62313370 23 8 39 11 36 15 4 6 24 21 17 28 10 3 23 29 2 34 7 26 1 9 13 19 
2
14 49 62 57134924 22 37 4 3 35 16 13 20 5 12 27 10 23 29 1 18 26 11 25 31 17 24 15 
28 49 51 57726000 24 1 37 10 34 4 6 2 17 38 30 32 12 3 27 21 19 13 9 7 31 14 11 36 29 
2
21 50 66 174232507 24 4 37 30 8 2 6 3 15 13 39 11 29 10 34 36 12 22 19 7 18 40 9 26 20 
40 50 75 21660314 23 9 3 16 5 36 20 11 21 29 22 15 10 17 38 27 35 26 31 39 25 2 12 13 
2
4 51 57 218309805 23 18 8 3 26 24 22 13 31 38 27 29 28 17 34 39 21 35 5 25 9 20 2 40 
9 51 64 211949612 23 20 16 15 13 35 27 32 10 3 22 34 25 29 8 6 28 1 24 30 37 31 39 4 
1
34 52 61 143804890 24 23 20 18 26 9 16 14 7 35 5 15 29 25 10 28 4 33 3 22 21 6 40 8 36 
3
29 53 76 206644416 21 30 12 25 1 37 39 7 3 31 11 2 36 40 26 9 34 10 4 38 18 5 
21 53 63 384693683 23 30 6 22 3 33 36 31 13 18 7 17 2 25 26 40 29 27 4 1 38 9 35 32 
28 53 54 51698780 23 12 32 1 13 33 38 11 30 27 40 22 26 37 18 14 34 31 3 35 6 2 5 9 
2
5 54 71 110549232 24 22 15 31 16 38 34 14 20 36 35 29 13 18 10 26 11 21 19 23 6 32 7 12 17 
19 54 67 452955160 21 38 14 16 27 13 12 21 4 18 26 5 10 32 30 11 40 39 36 9 23 28 
1
38 55 58 14227456 20 29 13 2 12 10 40 8 33 35 31 20 7 32 15 1 25 39 36 24 22 
3
15 56 80 824801000 23 32 5 17 14 20 30 10 31 24 16 35 34 23 9 40 4 25 12 19 27 28 33 11 
25 56 86 32802402 22 10 7 4 23 19 14 9 16 21 40 8 3 33 27 11 36 31 24 35 1 17 32 
17 56 65 354984140 24 36 11 39 24 31 9 19 21 26 8 34 10 16 38 1 30 32 15 2 40 22 3 5 14 
2
31 57 76 58355660 22 32 11 14 12 35 16 22 34 4 23 17 28 27 24 3 19 18 8 13 26 29 33 
19 57 100 18599152 21 23 6 9 14 30 24 10 17 38 28 22 32 8 1 29 3 18 35 26 16 4 
2
20 58 83 405111122 21 5 14 26 12 7 34 35 22 36 9 18 40 37 38 27 33 24 16 28 17 32 
17 58 80 1603562300 24 16 1 11 32 3 26 34 24 36 37 23 6 29 18 38 39 5 19 40 13 8 4 31 9 
2
37 59 64 75569826 21 15 34 40 28 19 10 27 9 38 1 8 33 12 3 23 24 6 18 17 2 29 
2 59 65 6754545 23 8 15 3 12 17 33 18 39 4 36 23 21 13 25 29 37 14 1 40 38 6 10 11 
2
23 60 63 45403572 21 14 24 31 9 32 15 8 34 11 29 25 28 13 38 20 3 4 18 39 19 12 
26 60 66 371168539 23 16 12 9 27 6 29 36 13 34 22 24 37 33 17 21 8 40 3 18 2 23 7 39 
3
21 61 73 9670167 22 34 25 13 29 20 35 32 5 16 12 8 9 1 40 30 4 2 18 10 39 31 11 
25 61 76 222828496 20 15 23 7 34 6 18 4 27 26 5 9 8 22 20 13 24 17 29 14 36 
29 61 62 81906222 21 20 11 15 31 30 1 39 40 21 19 33 5 17 18 36 37 34 9 2 27 6 
1
7 62 74 73319311 21 27 18 25 2 31 10 39 40 6 21 11 5 3 36 13 14 35 34 29 32 33 
3
9 63 78 39910640 21 26 27 36 39 33 12 3 31 14 1 29 24 8 16 13 40 6 34 23 4 2 
33 63 75 31149196 24 17 21 6 11 14 19 4 24 10 26 34 29 37 20 9 7 23 31 32 22 35 8 40 28 
18 63 70 70829200 21 1 30 3 7 9 33 12 13 4 35 40 16 38 28 14 17 37 8 15 2 26 
3
4 64 86 161351118 20 23 2 18 1 22 28 33 10 14 11 35 8 5 27 17 38 9 36 37 13 
19 64 96 696052665 23 23 35 27 8 26 5 30 10 31 2 1 32 40 18 15 12 38 39 33 36 37 17 9 
3 64 67 24385892 20 17 23 9 30 14 6 18 40 38 12 31 28 16 34 7 39 5 32 36 20 
2
24 65 73 70000191 20 36 6 33 29 32 38 17 25 34 4 40 11 16 5 37 2 28 20 35 39 
29 65 80 52875712 24 32 35 25 4 1 27 15 20 17 30 23 34 37 31 22 11 7 26 21 2 36 6 28 13 
3
9 66 79 383626474 24 24 21 26 36 19 38 37 2 8 15 14 35 10 18 20 11 17 25 29 33 23 22 27 6 
13 66 88 95503705 23 26 7 23 36 25 4 19 14 32 34 29 3 11 39 10 17 8 35 22 1 5 24 30 
40 66 95 892082730 22 24 29 38 4 31 36 16 3 14 27 33 30 7 32 25 37 19 6 10 17 28 21 
1
10 67 72 104253120 22 22 6 2 37 30 39 27 40 19 15 23 9 31 38 14 17 24 21 13 12 29 25 
2
38 68 88 859929168 24 26 24 20 34 2 9 5 8 17 22 12 32 30 4 39 19 16 11 10 37 14 6 36 33 
34 68 76 151379622 20 17 35 21 39 37 40 9 2 28 7 33 24 30 11 15 32 1 38 4 26 
2
7 69 74 1336890 22 38 27 11 21 6 4 35 3 12 28 18 32 19 9 26 34 5 31 14 36 1 2 
36 69 76 123707312 21 28 35 38 10 8 13 16 25 15 29 3 19 31 37 23 11 26 22 33 9 39 
0
3
15 71 85 20164365 22 40 31 17 25 9 29 1 30 23 12 13 28 37 22 3 11 10 21 6 34 14 32 
25 71 114 53651664 20 12 17 32 9 24 40 35 21 14 28 8 29 7 27 19 38 34 1 10 4 
16 71 81 441190453 22 40 17 14 7 22 31 36 30 23 28 35 6 12 15 3 13 37 33 10 8 9 32 
2
31 72 109 656968016 22 35 4 6 13 28 2 30 12 36 18 37 33 10 17 15 11 23 8 14 25 7 34 
38 72 87 226744576 23 3 22 30 32 23 35 1 4 6 14 33 36 13 37 40 25 21 5 11 24 12 15 19 
2
29 73 90 362802816 22 38 4 18 22 12 9 6 40 5 14 24 34 16 30 23 35 7 31 10 25 11 1 
24 73 76 50281880 24 31 15 9 14 30 8 12 29 3 4 6 19 18 28 34 40 32 17 13 39 35 23 38 21 
0
0
2
31 76 78 17188569 23 30 10 1 23 36 37 32 27 9 25 7 22 20 16 5 13 2 26 4 12 6 14 15 
2 76 77 24718250 21 34 31 18 6 12 7 5 1 13 36 8 26 22 38 28 14 37 21 33 30 29 
4
13 77 89 33633210 24 30 36 16 39 24 20 29 19 34 27 33 7 25 22 15 8 4 32 9 17 31 26 11 38 
31 77 89 803730148 23 29 13 5 8 7 27 40 32 39 1 10 34 38 19 16 15 18 2 36 24 23 26 12 
12 77 81 125042855 22 26 2 29 25 3 39 7 8 14 27 10 15 19 36 37 9 20 22 34 11 35 30 
36 77 80 331151052 21 24 37 17 6 35 4 33 5 40 31 38 12 1 22 13 27 9 7 3 21 34 
2
23 78 87 446725250 22 25 10 9 30 17 5 38 36 26 31 6 20 34 13 28 2 7 4 35 12 21 29 
4 78 79 12494504 21 26 10 30 15 34 27 7 19 1 24 36 32 12 6 2 17 28 37 11 8 21 
3
16 79 92 756141330 24 2 13 23 3 11 29 22 8 4 33 19 14 21 28 26 9 5 15 39 18 6 7 34 25 
4 79 118 89741000 22 6 2 35 25 18 7 38 1 11 30 28 22 19 36 37 14 31 8 20 9 17 27 
13 79 119 459034073 21 25 9 16 2 26 30 38 27 18 5 40 24 19 23 1 36 31 3 7 6 12 
2
17 80 83 2127560 23 35 5 18 36 23 6 29 20 11 25 9 13 39 28 15 7 31 4 14 37 22 27 32 
28 80 91 241051632 22 20 36 21 5 13 24 39 4 37 8 33 14 9 18 1 22 31 7 27 17 16 12 
2
23 81 83 41450151 20 39 12 13 32 15 38 14 3 2 35 20 36 19 24 40 16 25 30 37 1 
19 81 83 5412900 23 4 40 34 35 30 38 33 24 13 37 15 12 6 14 39 16 9 7 27 25 23 21 22 
1
8 82 98 252290812 24 3 38 30 18 36 33 5 15 1 11 2 10 22 23 34 6 26 12 7 28 25 14 16 21 
3
18 83 87 417478660 24 1 12 38 21 27 37 28 10 40 11 25 26 15 17 39 4 22 6 24 9 36 19 30 29 
22 83 102 87162180 22 8 3 2 26 6 9 37 15 27 19 33 35 4 16 18 23 39 12 10 20 13 5 
38 83 95 299510601 20 23 9 39 22 34 36 6 4 40 28 24 33 26 18 14 5 11 7 2 15 
3
39 84 85 21387726 22 1 21 10 40 38 4 25 20 29 17 23 34 15 22 19 24 37 3 28 6 5 14 
22 84 103 15387400 21 11 7 4 32 10 20 1 17 2 18 14 16 6 29 27 40 5 19 35 33 30 
25 84 91 19745336 21 15 12 4 22 9 36 35 6 39 23 40 3 27 26 32 16 20 18 11 30 1 
1
21 85 86 55486104 22 7 39 22 31 27 24 30 33 14 11 26 36 38 15 6 4 5 9 1 13 16 28 
3
6 86 103 284048082 21 4 28 11 13 33 9 23 22 1 24 30 16 31 37 18 5 40 32 27 12 25 
9 86 94 48769623 23 14 2 28 26 40 5 6 20 31 12 38 13 19 27 36 4 10 3 25 22 1 34 17 
17 86 89 27513556 20 6 39 38 27 34 4 10 21 35 28 15 11 1 9 7 26 24 12 30 29 
1
13 87 93 486347330 23 8 1 26 10 29 19 23 28 40 6 5 2 3 16 20 12 22 36 34 21 7 4 33 
1
18 88 97 3247720 23 16 12 13 2 14 30 29 25 24 21 1 4 22 8 37 17 31 11 6 7 26 27 23 
3
21 89 93 67415745 21 16 35 9 8 15 28 3 40 31 5 17 20 37 1 29 11 19 32 26 23 7 
21 89 95 131935867 22 25 38 19 18 20 37 26 33 34 29 11 7 12 35 1 30 13 22 8 14 5 40 
15 89 93 106989200 23 19 13 12 25 39 2 36 20 5 34 28 30 11 16 14 24 38 29 1 4 26 18 31 
2
15 90 112 524462997 21 13 30 5 26 12 28 11 29 24 4 37 19 18 20 40 27 8 22 10 33 34 
23 90 96 477486625 24 36 22 26 25 21 8 34 38 10 19 32 27 28 16 20 18 17 7 35 12 2 5 1 31 
2
32 91 96 58650864 22 29 10 17 21 2 40 5 9 24 28 35 25 30 26 36 1 11 19 3 8 12 27 
7 91 99 49224744 24 3 14 39 32 18 30 4 15 29 21 33 26 17 22 6 24 27 35 34 20 5 28 9 2 
1
20 92 122 323944823 22 30 37 36 14 4 12 21 5 27 6 22 34 35 24 28 25 10 11 29 26 31 18 
2
17 93 98 24863598 22 37 22 14 6 27 13 32 11 28 34 31 15 7 3 40 16 36 38 10 30 5 29 
37 93 101 14484096 23 24 6 34 23 22 39 38 35 18 40 19 33 12 30 36 3 1 31 20 14 27 8 4 
4
33 94 122 41563525 23 4 5 17 21 35 29 32 2 39 11 8 36 13 25 26 22 34 40 15 12 31 6 10 
13 94 105 26147172 21 1 25 26 5 39 29 20 6 9 37 19 3 34 16 10 7 33 23 31 2 12 
6 94 101 149929440 20 40 27 32 37 20 1 24 34 38 8 29 30 16 2 4 26 14 11 31 36 
14 94 107 167459124 21 37 17 1 31 35 10 11 28 22 32 26 5 18 16 38 12 13 4 29 39 24 
2
31 95 116 457835796 23 38 33 39 30 32 26 6 4 25 9 7 21 35 28 12 16 5 10 18 8 2 1 11 
2 95 99 116667855 21 24 17 40 14 35 5 19 32 7 37 6 34 16 15 3 29 36 20 4 21 11 
2
1 96 111 341791984 22 5 23 38 13 27 12 24 22 33 25 17 34 11 16 20 37 9 35 29 19 8 15 
32 96 98 37656609 23 1 7 10 27 25 28 5 37 14 30 17 2 12 22 18 11 35 33 40 8 9 34 21 
2
33 97 105 244139580 23 36 23 17 4 6 21 12 10 11 38 27 3 40 32 30 25 28 26 34 7 29 13 8 
19 97 115 776315053 23 26 34 6 38 16 17 9 40 24 20 36 10 14 30 39 29 15 32 35 33 28 23 22 
3
32 98 106 39945870 20 27 18 39 30 6 4 31 24 26 1 37 34 29 3 25 22 8 20 36 19 
24 98 100 28100478 21 33 10 23 1 22 32 6 4 16 2 8 38 40 9 5 25 34 26 28 19 35 
40 98 101 70188660 23 25 28 13 5 34 17 32 3 29 10 21 22 35 14 18 16 23 1 39 27 4 24 8 
2
36 99 101 176913 21 15 10 22 7 9 25 31 4 34 13 1 27 29 11 35 17 32 19 33 6 3 
20 99 105 94981887 23 30 29 12 39 37 31 19 21 14 25 4 9 5 28 36 26 8 17 10 22 11 16 38 
3
27 100 103 65895976 21 32 18 13 40 39 31 2 17 25 21 14 4 35 9 30 38 34 37 12 5 3 
24 100 103 110568404 20 2 23 17 13 21 3 22 40 9 14 28 35 15 33 18 37 27 7 6 20 
16 100 103 34643304 23 14 27 34 40 36 15 38 24 2 10 31 30 12 39 21 29 7 20 32 9 11 17 23 
1
37 101 103 87765195 22 6 30 22 1 33 12 39 20 19 10 34 36 5 24 29 28 27 40 15 21 16 8 
1
4 102 114 255151351 21 8 29 23 20 6 35 25 38 27 10 3 16 34 11 32 36 7 39 37 5 15 
2
12 103 120 459403668 21 33 5 13 20 11 19 39 6 30 18 27 9 22 16 32 37 35 31 15 21 25 
34 103 134 641231456 23 9 28 30 4 5 29 15 36 23 22 10 6 14 17 37 18 12 27 21 38 13 24 19 
1
3 104 123 210086280 22 20 30 1 7 29 10 9 19 14 39 11 34 40 27 2 24 16 21 17 32 26 33 
3
32 105 112 6604624 22 16 23 33 35 1 20 39 14 22 26 38 30 37 19 10 34 29 25 31 3 18 36 
35 105 114 378109790 23 32 33 7 34 5 2 24 21 27 40 36 39 18 13 19 28 37 31 8 23 9 30 12 
36 105 106 10660070 22 33 37 9 23 2 38 26 12 31 30 39 40 15 16 18 34 8 25 17 11 22 27 
1
38 106 116 197972731 22 5 4 34 32 24 10 1 30 18 35 20 17 27 16 25 3 2 26 22 31 6 37 
0
1
14 108 109 60337640 23 7 30 26 10 27 9 1 33 2 34 22 20 40 37 6 5 31 16 17 36 39 15 29 
3
36 109 131 651009296 24 16 20 19 10 40 18 2 24 38 14 37 3 31 13 5 34 6 28 29 1 21 23 26 9 
23 109 116 127778704 23 22 20 39 5 18 28 9 1 37 38 8 4 3 11 12 30 15 29 27 14 33 19 17 
14 109 118 275707040 22 2 5 18 27 40 20 26 12 15 32 19 31 17 4 30 36 23 39 22 29 9 24 
3
8 110 111 17391336 23 37 11 10 9 12 40 15 7 26 25 35 16 20 13 36 4 31 27 33 3 18 5 38 
20 110 139 495038460 23 3 18 22 10 5 30 11 15 35 23 17 2 31 19 14 12 40 28 26 29 33 8 39 
9 110 111 273514 21 32 17 20 40 29 24 4 10 39 34 21 25 35 14 13 5 7 18 30 36 23 
2
27 111 115 18660860 23 26 3 28 1 11 40 9 14 31 34 16 37 15 33 5 32 6 7 29 38 17 22 19 
29 111 125 1235695995 22 26 21 25 5 30 13 34 40 20 17 15 19 1 22 38 32 10 16 18 37 36 31 
3
17 112 113 2706718 21 28 18 15 12 4 26 23 6 25 34 40 1 39 27 36 13 22 30 9 38 32 
8 112 126 89649660 22 20 14 12 13 32 15 5 18 38 33 11 25 36 31 21 40 24 6 3 9 39 22 
29 112 114 66519327 21 13 26 33 31 19 15 23 40 18 21 8 11 25 24 3 4 27 7 38 37 17 
2
32 113 118 402110226 21 17 27 36 35 22 38 24 12 26 21 37 4 13 2 3 20 8 1 40 16 30 
19 113 130 705631302 22 14 6 37 7 26 20 4 13 33 39 21 10 30 28 9 31 38 11 15 35 24 34 
2
35 114 119 52381896 20 11 36 12 9 40 25 8 34 28 6 5 22 18 13 19 24 20 2 4 1 
2 114 117 77950212 20 24 34 36 9 22 29 20 25 18 17 21 7 13 14 19 38 1 40 31 35 
2
14 115 153 373472541 20 3 16 36 22 4 29 37 2 9 17 15 38 23 10 20 31 18 35 39 30 
10 115 117 213731883 21 38 27 23 6 14 24 34 26 2 13 16 11 8 29 40 36 25 39 12 3 35 
3
9 116 121 15428874 20 26 13 18 37 36 15 32 22 3 14 6 5 1 11 34 12 10 7 20 38 
37 116 117 11676166 24 30 35 34 17 4 40 22 7 28 3 36 26 8 25 21 31 14 18 10 39 6 38 9 24 
16 116 121 115009446 24 24 19 35 4 25 14 39 37 3 33 34 1 20 32 7 12 5 11 9 10 8 17 40 30 
2
27 117 123 422714292 23 19 34 3 30 5 6 2 15 35 17 11 10 14 29 1 28 24 16 37 4 21 25 36 
16 117 130 822541314 20 37 36 7 15 31 21 39 12 5 34 2 32 14 9 22 1 26 11 8 18 
1
6 118 128 40897549 20 28 22 16 37 2 39 9 18 20 15 36 1 29 13 40 4 24 30 7 25 
2
37 119 139 1917531 23 15 8 20 23 1 17 2 32 10 36 28 7 38 4 27 24 9 13 25 39 35 6 12 
30 119 126 136522992 23 29 7 35 5 2 34 20 40 25 31 1 13 27 15 9 14 12 22 6 3 21 24 23 
3
40 120 133 45003392 20 36 23 12 22 39 28 29 21 27 24 4 15 30 34 26 9 32 7 37 2 
15 120 125 52706220 22 3 20 14 2 25 6 16 4 21 38 9 8 37 11 24 1 5 7 40 17 32 31 
1 120 133 416277666 23 26 23 14 28 8 11 15 7 34 29 9 12 27 2 35 25 6 20 18 22 36 33 31 
2
6 121 145 24368525 23 40 1 2 18 34 20 19 25 13 26 7 22 28 3 37 30 33 5 17 21 35 10 4 
13 121 122 80767856 20 23 29 26 36 37 25 10 27 2 5 9 28 19 3 30 6 31 33 12 8 
2
16 122 123 34832038 23 7 1 32 17 24 39 4 13 8 29 10 3 21 12 37 9 6 19 5 33 2 31 20 
35 122 127 553933566 21 10 5 16 26 11 28 1 12 33 38 24 34 20 14 32 4 39 15 13 8 19 
2
23 123 129 4292715 22 12 27 2 31 40 9 20 19 35 25 5 3 29 22 39 26 13 17 24 11 1 10 
3 123 135 47908029 21 12 2 38 27 4 6 20 39 19 7 5 21 36 14 31 9 17 34 23 11 13 
3
38 124 145 341607596 23 34 10 23 25 19 28 22 29 15 8 9 18 11 14 33 21 27 2 40 37 31 16 35 
31 124 125 22239448 20 32 37 10 8 11 16 7 36 38 2 22 35 29 15 26 40 34 19 17 6 
32 124 136 308014213 22 10 15 1 39 29 30 24 22 19 12 27 13 26 17 3 18 4 5 40 25 31 2 
2
25 125 151 934021395 20 14 13 4 7 28 6 21 35 36 15 34 33 1 12 26 8 3 9 11 40 
24 125 128 78631348 24 13 30 14 31 33 2 25 40 7 35 5 36 10 3 1 6 29 28 11 12 37 18 39 20 
1
6 126 130 10619060 20 8 10 35 14 29 24 30 32 38 1 40 17 33 18 36 16 39 4 23 28 
1
6 127 131 72919625 21 25 8 37 16 5 27 14 32 7 33 34 15 36 9 20 28 30 22 31 26 4 
2
27 128 155 1127310688 24 1 14 2 4 23 34 21 26 40 18 16 32 37 33 35 13 22 5 11 38 12 15 6 9 
29 128 153 317678582 20 13 15 8 12 36 2 18 7 10 16 19 6 25 24 37 26 4 20 35 30 
3
7 129 148 131124080 24 21 3 33 20 39 24 32 34 27 4 36 22 15 11 25 35 2 38 26 30 6 31 29 12 
37 129 130 16540194 24 18 28 40 29 35 27 3 5 1 4 24 39 32 9 21 25 20 19 22 7 14 6 16 17 
13 129 154 324549264 21 35 7 29 20 38 9 2 25 33 11 27 3 12 1 18 36 37 24 17 32 26 
2
32 130 143 35837578 22 28 12 34 35 26 29 6 18 9 7 2 15 5 8 4 14 40 16 33 37 25 21 
34 130 192 73641960 23 29 25 13 9 37 27 33 32 23 20 39 12 14 10 40 21 5 35 18 4 31 11 28 
1
24 131 136 387111480 20 16 25 13 3 32 31 20 33 23 6 10 17 18 1 36 28 9 8 5 2 
1
38 132 143 53385552 22 35 5 28 40 31 34 29 13 25 2 33 4 36 24 22 23 30 15 18 39 37 21 
1
10 133 136 60158960 23 18 31 20 16 34 17 40 29 19 13 5 30 21 26 6 39 9 3 22 8 28 12 23 
4
33 134 137 27728936 21 10 31 38 39 30 28 32 22 17 7 20 15 21 37 16 24 40 5 18 3 4 
9 134 145 413305716 23 13 14 36 5 3 34 24 8 28 22 33 4 18 11 35 31 37 25 38 39 21 23 12 
39 134 139 197903376 20 37 22 30 3 13 24 29 28 17 20 33 1 19 32 27 6 21 35 9 16 
38 134 143 45091650 22 17 39 9 28 37 35 1 7 10 23 25 27 18 26 14 32 8 11 31 20 4 40 
1
6 135 144 397332760 24 13 10 19 32 5 39 16 20 12 22 17 27 1 35 24 26 34 2 18 29 36 7 28 38 
2
17 136 151 563667376 20 26 30 38 29 11 6 34 27 13 9 33 15 5 1 23 21 19 2 12 31 
27 136 172 131285842 23 5 40 15 17 35 38 23 22 13 30 12 8 14 3 16 26 18 24 39 4 20 9 25 
5
5 137 138 32174574 20 38 33 28 35 14 32 36 2 27 9 7 16 34 23 12 1 37 30 18 10 
12 137 157 221575347 20 35 16 5 15 7 37 14 10 19 20 3 26 36 9 2 21 28 38 4 23 
4 137 138 8412924 24 39 2 37 34 18 15 22 21 6 40 13 7 9 27 17 12 36 24 35 10 20 25 19 5 
17 137 141 122473920 21 15 16 14 2 34 1 5 10 4 36 39 29 32 7 26 20 25 18 27 40 12 
2 137 140 37157136 24 37 4 24 7 26 35 8 29 11 32 22 33 15 1 31 27 10 20 18 14 25 16 12 39 
2
31 138 140 86189451 21 13 12 1 14 10 19 16 11 17 26 32 40 18 15 25 2 29 8 38 28 27 
28 138 162 435498475 20 30 20 21 7 11 22 39 34 37 3 26 25 33 35 8 4 13 2 31 19 
2
25 139 153 429173700 21 10 23 9 20 19 37 15 32 40 30 35 34 21 2 28 31 39 14 29 8 4 
30 139 182 1572773664 24 16 33 21 12 18 7 32 4 35 10 14 3 25 40 11 37 9 36 8 27 17 31 38 39 
2
23 140 146 37670395 20 12 38 3 17 4 18 7 36 19 20 26 1 8 27 35 2 13 11 32 5 
25 140 143 27995940 22 6 31 40 11 38 15 16 4 8 3 19 22 10 24 30 28 34 32 33 1 39 20 
1
12 141 143 105194910 22 36 23 8 16 1 10 30 19 25 6 13 18 9 5 22 40 38 17 29 7 20 34 
2
8 142 145 32689328 22 34 33 26 3 2 18 23 31 9 6 11 38 12 21 29 14 39 17 40 22 35 10 
11 142 145 41114832 21 25 5 16 29 19 21 9 3 13 38 33 20 36 23 37 2 18 27 40 10 32 
1
26 143 174 550800896 21 37 29 3 32 21 20 18 2 19 1 12 24 35 10 9 5 22 38 6 23 11 
1
17 144 145 33894568 24 4 10 8 40 37 36 21 13 31 2 23 16 28 1 20 12 5 14 11 27 38 22 3 34 
1
20 145 151 241458616 22 15 3 14 36 8 33 26 4 29 24 31 21 10 13 12 17 40 37 35 5 28 9 
2
37 146 153 29294968 24 5 24 31 19 29 3 22 36 39 33 26 12 6 21 20 8 10 11 16 17 13 35 1 15 
11 146 158 1771857620 20 6 20 15 4 26 28 35 40 25 2 22 7 24 17 29 5 18 19 33 23 
2
8 147 155 14802237 23 27 38 14 13 32 7 17 26 2 40 16 5 4 9 12 37 35 20 15 31 34 22 24 
3 147 149 2442873 24 39 38 24 40 23 7 6 31 35 20 11 15 1 12 29 19 4 17 25 28 22 14 18 21 
2
23 148 150 40158768 21 6 5 40 13 30 37 24 18 2 8 34 7 16 19 11 15 32 39 22 33 28 
22 148 151 65613952 20 12 34 39 18 30 28 21 29 31 23 19 24 8 10 2 33 37 35 11 20 
3
4 149 186 315580120 21 35 14 32 34 40 28 37 38 3 39 7 21 8 27 29 22 31 36 30 12 18 
2 149 166 276804306 22 39 36 8 5 16 27 3 12 1 40 38 15 28 32 6 7 24 14 13 11 4 23 
27 149 162 522137672 21 1 24 6 12 13 30 40 23 17 33 9 29 39 8 3 2 32 7 15 14 22 
1
31 150 157 141809536 21 4 27 32 17 8 1 14 10 21 26 24 36 11 7 16 22 13 2 19 12 37 
1
26 151 171 595391496 20 12 13 36 32 40 14 17 2 10 34 33 28 39 3 5 19 11 38 16 30 
3
13 152 160 32534937 20 26 24 29 7 40 35 16 6 22 32 1 23 3 31 39 10 30 33 37 17 
20 152 165 54654684 24 14 22 33 27 40 16 6 1 34 12 32 30 18 2 23 26 36 15 13 25 10 21 17 24 
29 152 162 205372343 22 2 21 8 15 32 19 34 27 13 23 30 10 7 36 20 39 38 1 25 18 5 37 
1
7 153 162 321733230 21 8 24 32 27 15 2 40 18 38 31 16 23 33 9 4 26 29 11 1 10 36 
2
13 154 169 1195863904 24 33 34 23 25 14 10 20 35 30 18 38 28 40 21 22 5 27 6 24 2 19 3 37 8 
12 154 163 268234950 23 30 17 32 8 10 18 23 26 13 36 29 14 6 40 21 15 27 11 33 16 20 37 28 
3
30 155 162 3355096 23 36 3 29 37 23 27 10 20 35 5 6 26 18 15 39 12 25 9 24 34 17 22 33 
35 155 161 429450665 20 19 20 28 21 14 29 27 34 18 12 25 16 1 22 3 26 10 38 30 4 
8 155 159 151765060 22 40 16 7 14 33 35 37 20 21 11 9 32 27 13 29 23 39 2 3 31 4 12 
3
23 156 159 86795932 21 3 15 13 36 17 31 39 9 33 19 5 27 38 28 24 37 22 12 10 7 34 
7 156 170 123413805 23 5 38 26 18 29 39 9 31 24 11 20 19 34 22 40 32 10 30 15 35 2 36 8 
26 156 162 504508004 23 36 8 32 31 5 10 29 16 7 27 40 11 21 12 6 33 9 25 13 39 34 22 35 
2
11 157 180 313644576 20 10 17 28 4 36 14 5 8 33 18 31 26 29 13 6 32 37 15 39 35 
36 157 162 507897414 22 40 10 14 32 12 38 25 15 27 5 3 31 18 22 9 23 13 39 20 16 19 6 
1
7 158 162 108976215 22 31 6 14 28 11 26 10 9 38 36 22 39 16 33 21 2 17 15 25 34 30 1 
1
12 159 186 95236260 22 37 16 32 28 23 17 20 15 4 40 11 39 38 19 22 5 8 14 13 2 1 24 
3
4 160 190 1254114424 24 2 37 31 7 25 26 28 11 16 15 34 14 35 36 27 12 8 3 32 33 40 24 10 39 
1 160 181 171546122 21 22 2 24 30 34 16 11 12 20 21 14 4 29 15 39 31 8 40 35 32 13 
24 160 165 59678400 23 10 36 15 3 30 9 39 35 32 20 4 13 7 23 38 27 33 21 5 11 6 22 2 
2
6 161 193 1290866082 20 40 24 8 5 7 23 10 1 4 22 15 9 30 13 11 29 34 28 37 39 
39 161 170 802794370 22 23 38 16 15 37 25 19 33 14 6 32 1 29 9 11 27 34 4 35 18 28 17 
2
24 162 185 265151568 23 33 13 30 38 16 28 7 29 12 8 35 32 9 37 11 3 40 23 20 6 14 18 39 
24 162 164 31597827 22 34 13 9 16 4 37 14 33 11 3 17 5 7 30 38 31 32 8 21 39 35 36 
5
36 163 166 248884572 21 7 15 6 27 1 25 30 17 35 14 18 23 19 34 40 24 13 21 5 26 11 
4 163 165 30309351 20 26 38 22 1 6 36 25 7 30 9 19 40 37 13 18 32 11 14 20 2 
2 163 173 177012946 23 29 20 16 18 37 17 40 26 24 10 13 8 36 33 31 14 6 32 7 9 19 4 35 
17 163 186 1114696392 22 21 9 35 11 28 5 7 32 24 20 38 10 29 25 27 19 8 39 2 12 16 33 
30 163 173 366588475 21 13 5 9 24 29 27 34 40 23 14 31 6 4 17 25 15 10 37 33 36 7 
3
20 164 169 48276612 20 24 35 11 15 18 5 22 8 34 27 7 21 28 10 29 31 32 40 4 39 
33 164 169 70946310 22 35 39 38 37 31 7 9 18 40 17 30 34 5 22 15 12 6 29 24 36 19 13 
35 164 167 97981632 20 39 15 32 12 20 27 16 25 38 36 24 37 28 22 40 13 23 2 4 33 
1
8 165 168 39542496 20 5 24 32 18 7 21 23 12 31 14 34 6 1 11 9 25 15 38 17 19 
0
2
28 167 191 431829775 22 39 22 40 32 35 36 18 12 9 37 2 13 19 21 27 30 34 25 5 24 10 3 
22 167 180 10938718 20 24 7 20 35 14 1 40 12 18 27 21 15 25 13 9 8 23 36 34 11 
2
14 168 187 196520660 23 32 11 24 16 22 28 31 40 17 38 25 9 3 2 27 4 36 35 37 13 21 26 10 
27 168 186 164701804 21 25 12 38 24 36 5 26 16 2 8 15 32 9 31 20 7 6 35 29 33 19 
3
16 169 190 100092014 24 3 20 29 15 23 22 35 17 28 13 36 24 34 5 18 21 25 12 8 37 10 30 27 32 
37 169 196 2147483647 24 1 7 19 16 3 15 6 38 25 30 21 13 34 23 17 14 20 18 4 31 10 27 40 8 
34 169 184 120291408 24 3 25 8 16 10 11 4 7 19 26 40 37 6 29 13 5 33 12 21 18 1 24 23 30 
3
12 170 174 133750545 21 35 20 32 19 9 10 31 38 34 11 22 27 21 1 37 39 28 40 18 24 29 
1 170 209 307843640 24 18 36 38 30 20 13 21 33 10 14 29 2 17 25 40 35 9 15 4 23 28 6 19 24 
4 170 175 342305844 20 1 27 23 29 26 16 14 12 25 21 31 39 34 32 40 6 8 24 28 30 
2
30 171 184 185992128 20 15 8 34 13 17 40 6 38 26 25 2 23 12 33 7 21 27 36 9 37 
38 171 187 31936081 22 21 19 10 34 5 39 27 14 12 18 25 24 31 13 32 28 16 29 37 6 17 8 
2
23 172 176 32776805 22 34 33 2 27 37 13 9 31 3 30 16 20 39 15 36 26 19 14 1 11 28 12 
15 172 191 204337100 24 2 25 4 34 3 11 30 18 23 6 29 13 17 33 27 38 10 16 26 8 21 22 12 35 
1
7 173 174 1375544 20 35 8 27 34 9 10 28 30 22 29 2 3 25 33 36 32 1 4 38 18 
3
17 174 176 42404103 24 15 4 34 14 38 37 36 10 33 3 35 12 39 30 25 24 9 7 19 13 23 40 20 2 
37 174 229 1870774248 21 34 32 15 26 39 5 24 31 7 23 10 6 13 20 17 11 12 40 3 2 25 
29 174 175 39138150 23 2 7 24 13 34 25 32 39 33 38 21 5 8 11 20 14 23 15 26 22 12 28 37 
2
33 175 178 47203016 21 19 3 12 1 10 31 25 34 29 7 22 20 11 36 13 21 18 27 15 23 39 
2 175 181 109239823 21 25 17 13 26 32 10 4 40 23 37 14 24 35 7 22 1 36 21 8 12 27 
1
16 176 180 79119890 20 36 1 38 39 30 17 5 24 37 8 21 26 13 4 33 3 6 27 25 18 
1
33 177 183 386864940 21 39 40 32 19 29 8 12 21 24 5 31 17 1 25 23 30 20 13 16 14 37 
2
28 178 182 304174005 21 5 4 35 15 37 24 21 14 30 23 6 33 32 3 12 31 16 1 9 40 25 
26 178 180 95168496 24 2 19 39 10 14 28 20 27 32 9 25 12 1 18 15 33 36 6 24 35 31 30 4 16 
3
12 179 186 354753600 23 13 10 9 14 6 1 36 19 20 22 21 5 11 34 39 2 16 26 17 40 23 30 15 
11 179 192 189509880 20 38 30 1 2 19 15 24 16 39 26 6 14 8 23 3 31 29 22 33 20 
11 179 181 252406473 23 16 14 39 38 36 17 13 6 33 10 21 3 26 19 40 1 35 32 20 24 34 8 4 
2
39 180 204 9595525 23 38 12 29 36 10 25 15 24 3 31 4 32 22 35 16 19 27 20 5 11 13 26 21 
21 180 184 372981140 22 5 27 13 36 34 32 9 8 28 39 20 29 12 10 2 30 6 11 38 25 17 37 
3
39 181 200 81308960 24 5 10 35 20 25 19 3 37 18 29 17 22 33 31 28 34 27 9 26 21 14 11 13 2 
20 181 188 123545240 22 2 8 37 15 17 13 30 23 12 32 16 39 3 35 38 7 28 24 9 19 40 26 
14 181 191 430410970 22 4 17 27 7 36 25 29 21 33 37 6 23 19 18 2 31 3 30 28 8 22 5 
1
31 182 221 626819040 21 28 40 10 11 25 14 8 32 16 39 9 12 20 24 29 17 23 35 30 7 34 
2
1 183 208 795565290 23 14 36 12 4 2 26 7 10 21 32 28 19 3 16 13 22 39 18 25 30 38 15 9 
19 183 191 119866347 23 35 12 16 5 32 22 14 6 2 15 26 10 4 34 23 9 8 30 25 7 28 38 37 
2
29 184 195 47848068 23 1 31 11 28 18 16 17 20 10 27 25 38 3 30 34 19 6 37 39 7 33 2 5 
31 184 195 387904320 20 1 10 17 39 9 29 20 7 15 32 14 26 40 6 37 38 28 30 19 18 
3
1 185 214 57609870 22 12 36 30 28 23 9 27 3 35 31 7 20 13 14 16 15 39 26 29 2 17 11 
5 185 197 341208153 23 9 39 37 38 28 34 2 13 33 14 11 17 22 35 6 36 3 20 26 7 40 1 16 
20 185 189 14588505 23 32 6 37 23 26 33 27 22 3 2 40 28 10 1 29 7 25 17 16 24 31 34 9 
1
39 186 189 51215384 21 10 1 6 11 4 15 5 38 27 18 28 23 21 24 13 2 32 19 20 30 29 
2
25 187 201 157456260 23 8 24 36 34 26 35 12 18 38 10 22 40 39 6 2 16 31 28 15 29 3 1 30 
28 187 206 990096540 21 38 8 15 25 19 12 10 32 39 2 3 27 11 14 5 13 18 31 4 35 30 
3
15 188 195 116517904 23 35 30 9 33 31 8 32 24 28 27 4 39 1 38 23 2 7 16 29 18 26 14 5 
13 188 196 135643455 22 35 15 14 26 27 32 1 34 30 4 3 11 8 7 37 40 22 9 23 39 19 2 
26 188 193 17101494 24 10 27 37 11 13 38 36 17 6 7 15 4 3 9 1 16 29 33 8 25 31 35 39 20 
0
0
5
11 191 196 155350266 21 36 7 35 23 16 1 26 12 19 31 8 34 13 38 25 24 15 37 18 40 39 
10 191 193 90663324 22 14 20 36 34 4 8 6 3 24 38 31 32 30 15 5 19 35 39 21 12 22 37 
20 191 194 110539468 22 6 3 26 37 24 9 17 27 16 18 8 7 35 22 10 13 34 2 5 28 11 15 
38 191 202 98902968 23 31 26 37 23 28 7 3 40 39 21 35 34 33 18 8 16 25 4 9 11 12 24 19 
17 191 192 31176288 21 23 5 2 39 32 6 28 31 25 27 29 16 10 18 1 15 22 9 3 38 7 
3
6 192 213 227584236 21 7 9 14 26 40 5 18 25 36 15 37 27 20 8 3 19 38 21 32 13 31 
10 192 201 720650 24 39 26 35 28 31 29 20 3 15 30 1 13 37 2 7 8 18 11 12 14 16 5 17 24 
32 192 200 818116353 21 8 7 4 2 1 23 14 5 33 28 21 26 25 37 18 15 24 11 40 35 19 
4
20 193 214 881764796 23 12 37 27 34 24 1 31 36 39 25 10 8 28 9 32 18 3 21 11 13 33 30 19 
16 193 200 204952512 22 36 28 12 26 38 13 39 23 18 6 34 33 37 11 27 5 31 14 17 9 7 32 
33 193 204 309556260 21 36 27 19 9 16 32 26 4 28 23 11 12 25 40 3 22 10 13 15 29 6 
20 193 197 25373510 21 29 24 5 32 3 38 4 17 25 19 39 2 7 40 9 11 14 10 12 31 13 
0
1
33 195 199 358056385 21 24 5 28 12 39 34 38 9 14 22 23 17 7 19 21 29 2 27 11 31 4 
1
30 196 200 138862410 24 39 15 24 21 7 4 2 9 18 32 17 11 35 1 10 40 3 38 13 31 12 26 27 22 
3
34 197 205 725908887 20 17 36 9 4 8 33 32 1 38 35 39 10 20 22 6 26 7 31 40 24 
8 197 215 1234470622 22 33 2 3 15 16 27 21 13 22 25 23 31 9 10 39 18 30 29 37 11 19 1 
33 197 212 25870176 20 27 38 22 3 9 21 31 19 24 7 25 11 15 28 16 8 30 34 26 18 
2
39 198 203 53434314 23 2 32 38 37 11 34 10 21 29 20 26 8 17 6 33 4 19 28 14 7 16 9 40 
3 198 228 356652427 23 14 29 36 28 7 6 4 33 20 10 37 32 16 15 34 39 27 23 13 19 24 2 18 
2
35 199 215 222289348 23 4 16 7 18 3 24 14 25 17 8 2 27 32 6 5 13 39 29 26 38 40 22 36 
38 199 201 7665714 21 32 13 21 6 28 2 1 5 29 35 4 30 40 23 7 24 8 17 14 20 39 
3
31 200 212 247261378 23 25 27 16 26 10 33 3 32 37 21 13 35 28 20 4 5 2 11 1 30 15 36 7 
29 200 209 62340160 22 25 7 33 31 13 4 2 6 35 15 18 14 8 34 22 37 27 38 40 5 28 32 
34 200 209 393201510 23 10 13 23 26 21 6 19 22 29 9 4 7 32 1 8 28 39 11 33 27 16 37 2 
4
26 201 210 177577020 22 19 10 9 37 5 29 34 16 4 25 13 32 35 11 21 20 6 30 40 24 7 8 
35 201 204 369166456 22 31 5 21 1 24 39 15 22 20 3 16 36 34 17 25 26 14 4 30 19 28 13 
34 201 214 302923488 24 3 12 20 30 38 39 17 16 5 26 29 10 13 40 9 33 32 21 27 7 15 2 19 14 
22 201 202 8673642 23 8 17 18 5 4 6 40 19 11 20 24 25 14 26 1 15 2 32 7 23 13 12 28 
0
2
2 203 248 876820812 20 8 34 25 22 37 15 21 16 12 1 19 30 20 26 40 32 39 3 33 24 
24 203 236 555434710 24 25 18 11 20 1 37 30 14 34 40 38 17 3 16 31 12 7 8 6 2 35 10 27 15 
2
36 204 224 281993691 21 30 25 16 14 38 24 4 33 20 23 37 5 28 12 21 31 39 18 9 3 27 
36 204 213 312299720 22 23 21 4 3 16 35 25 19 7 8 5 28 1 10 24 13 6 26 32 31 18 22 
2
23 205 266 2147483647 22 36 9 6 30 33 21 18 2 39 28 34 31 22 32 5 7 29 11 3 40 27 12 
9 205 216 95312436 20 37 16 10 17 21 22 6 38 27 1 28 18 33 4 20 8 15 40 12 34 
2
10 206 207 54600242 24 32 40 4 37 14 19 6 24 26 39 33 31 38 34 12 17 13 16 3 18 5 28 1 9 
4 206 210 33235210 23 17 32 24 9 19 20 11 7 39 33 18 1 30 35 14 37 8 31 29 2 10 27 28 
1
4 207 215 447814512 24 17 24 35 33 3 12 5 21 26 31 28 1 16 32 36 29 13 37 10 27 18 9 23 19 
1
2 208 228 274751631 20 39 20 33 11 7 32 27 16 6 1 31 21 18 28 10 4 12 37 26 17 
1
12 209 214 191822838 22 34 20 35 38 23 9 24 40 37 1 15 10 29 11 30 3 33 31 19 6 27 8 
3
16 210 212 2303100 23 7 12 28 22 37 26 25 23 18 20 29 15 36 9 5 30 17 6 32 39 35 40 11 
15 210 211 19996820 20 26 40 2 5 7 16 21 27 29 3 24 38 10 33 19 28 36 35 14 20 
3 210 217 116061928 22 10 29 25 20 1 17 30 34 7 19 36 12 39 15 22 14 35 6 11 31 4 28 
1
32 211 236 286128050 24 12 15 10 24 5 13 26 27 37 3 6 23 19 1 17 2 33 18 38 30 34 29 4 28 
4
10 212 217 54932736 21 33 26 3 35 31 20 37 12 34 24 17 19 23 11 21 16 22 4 27 32 6 
14 212 240 332038081 21 3 27 23 1 20 24 15 34 37 5 13 40 22 29 9 8 26 10 4 39 16 
12 212 233 273485212 24 17 33 34 14 25 29 23 21 36 16 6 4 9 22 24 31 18 27 1 19 5 39 10 30 
26 212 256 51004530 20 28 10 40 7 5 2 11 35 38 39 34 18 24 20 13 36 6 17 32 22 
2
24 213 214 6966476 21 33 8 22 12 1 39 26 37 27 30 11 4 17 5 16 38 14 2 9 6 35 
2 213 221 212422599 23 18 16 25 35 21 1 14 4 12 38 27 31 40 22 15 8 30 13 39 36 20 29 19 
2
7 214 217 14930368 23 36 34 13 2 9 5 30 39 40 26 16 10 3 32 28 11 27 37 8 12 14 18 20 
29 214 216 33616221 21 26 5 10 34 14 30 39 13 4 23 27 2 24 40 19 15 11 9 8 28 6 
2
11 215 234 213300880 23 37 12 21 6 26 15 24 18 5 36 30 13 1 7 10 39 14 33 38 16 19 34 20 
27 215 228 200467750 22 6 34 8 31 11 33 15 1 7 16 2 25 20 22 13 23 35 30 9 10 40 26 
1
9 216 224 126714852 21 14 22 27 25 34 7 32 37 24 33 28 19 20 35 15 4 26 13 8 39 6 
2
23 217 220 49879624 22 6 19 11 9 18 15 35 36 8 27 24 16 30 7 13 37 39 3 14 26 21 10 
20 217 222 115959702 23 36 4 5 11 18 15 9 32 12 40 28 24 13 10 21 37 25 23 7 30 35 33 22 
3
16 218 230 185411330 24 23 26 2 24 25 40 19 29 30 4 1 17 39 31 37 11 6 22 32 13 36 18 12 9 
34 218 221 14701008 23 20 23 22 35 19 15 24 11 39 16 18 12 14 2 25 3 38 6 4 21 1 10 31 
14 218 237 133991900 23 7 36 23 4 24 6 31 5 18 1 34 26 13 37 25 40 27 17 3 8 32 33 15 
2
6 219 221 98562393 20 22 9 20 23 11 30 8 31 38 32 21 4 5 28 7 35 40 36 15 39 
7 219 230 103826856 21 39 28 15 14 29 9 32 23 1 2 40 34 17 38 35 24 4 21 36 26 5 
2
38 220 232 257372206 20 26 9 39 4 32 35 27 21 1 18 22 7 14 2 34 15 13 31 33 25 
31 220 226 84723086 22 12 22 1 37 38 7 32 21 23 18 34 6 30 27 28 8 35 20 9 19 4 17 
0
3
39 222 232 100978438 24 1 38 20 28 21 37 10 26 11 40 12 15 25 33 9 13 32 4 22 27 6 35 7 30 
11 222 233 174900252 22 37 5 16 36 1 25 3 15 23 6 19 4 35 29 31 28 2 9 39 34 30 13 
1 222 224 80302440 21 19 15 24 40 29 10 13 39 18 20 16 2 33 3 28 21 30 25 7 23 12 
3
7 223 240 63555822 22 10 39 6 31 17 33 1 11 37 24 40 35 9 30 15 29 14 25 5 20 13 2 
15 223 230 154198736 24 18 10 39 35 40 12 21 13 2 33 23 26 22 37 28 20 1 17 25 34 7 27 38 9 
28 223 227 29003545 23 19 5 9 21 6 40 18 29 20 24 22 38 17 25 33 10 26 23 11 2 13 8 31 
3
35 224 232 408904596 23 26 4 27 1 17 14 7 30 37 2 6 5 10 20 32 40 23 8 39 22 25 31 9 
11 224 250 1137622185 23 5 37 1 10 30 12 34 22 32 6 23 31 9 38 17 29 36 4 15 28 40 26 33 
21 224 230 176458387 20 26 7 6 11 2 34 17 35 39 37 19 23 15 33 36 13 20 25 31 40 
1
29 225 226 12618538 21 5 4 30 7 39 32 19 40 33 1 15 38 3 21 14 23 28 16 26 18 9 
2
27 226 237 5143536 20 30 37 36 33 13 4 28 38 6 40 2 25 20 10 16 21 23 22 35 29 
28 226 230 245036840 23 37 7 34 18 40 23 5 30 15 22 33 14 13 29 35 11 3 2 16 1 25 38 26 
1
28 227 242 30684608 22 3 32 21 5 10 37 26 17 39 33 24 9 35 19 7 11 14 38 36 29 8 15 
4
15 228 230 97132140 22 27 30 40 39 24 13 22 2 32 34 18 38 1 4 33 28 26 37 21 6 25 5 
8 228 259 1006376576 20 28 37 18 10 27 31 40 20 4 26 36 34 9 39 38 29 22 32 23 6 
13 228 231 45970372 21 10 2 12 7 40 16 35 28 1 18 21 32 33 36 4 11 14 20 8 19 29 
1 228 232 98467165 24 22 21 26 18 16 19 27 30 36 3 4 20 15 10 29 12 37 5 11 33 24 8 23 6 
2
40 229 238 135880320 20 23 28 38 12 22 31 2 26 16 6 15 24 3 32 21 37 33 39 8 9 
31 229 248 687362180 20 11 33 13 38 32 28 16 24 22 27 6 25 9 34 40 7 39 21 5 12 
1
35 230 242 429428948 21 37 27 15 10 22 1 13 6 14 26 34 7 23 33 18 16 29 40 39 20 3 
2
17 231 237 392328062 20 31 15 29 40 8 24 16 5 7 3 20 11 13 34 37 25 30 26 6 12 
38 231 233 1504266 21 15 5 22 6 2 24 35 3 31 20 30 9 10 17 39 34 25 11 21 4 33 
3
18 232 266 1506356880 22 34 10 11 33 30 12 17 32 36 2 4 26 9 24 22 28 15 8 38 25 21 39 
16 232 243 43961940 24 13 32 26 34 15 1 37 33 38 17 29 23 25 6 20 24 8 35 10 21 3 11 19 39 
3 232 234 16108773 21 13 5 12 18 9 8 28 2 30 4 17 38 39 1 22 19 21 37 14 40 11 
1
19 233 250 194874120 22 32 25 20 35 7 34 24 31 21 2 23 29 38 39 14 17 8 28 16 27 4 40 
1
12 234 245 469490544 24 2 27 14 10 9 26 23 16 25 5 30 17 13 24 39 7 3 1 22 21 18 20 8 36 
2
7 235 241 606842943 24 9 10 29 19 23 38 22 28 27 12 33 24 40 16 8 18 39 21 6 13 4 11 30 3 
8 235 237 18467436 24 10 18 12 16 24 30 9 3 38 7 39 28 25 32 6 4 29 37 19 17 22 31 27 40 
2
22 236 240 6099230 21 36 34 12 16 20 1 37 2 35 33 28 27 11 4 8 7 25 31 14 15 13 
10 236 247 111936672 22 2 34 28 29 3 4 9 24 30 6 32 21 20 5 39 36 26 40 1 18 35 37 
1
6 237 243 39441780 22 30 13 37 23 8 34 4 26 5 27 20 40 28 36 9 2 17 35 39 10 18 7 
1
5 238 257 337137760 24 13 20 8 23 14 11 37 2 4 16 15 7 22 27 40 38 18 35 19 32 10 24 26 34 
2
9 239 244 95181594 20 36 28 39 1 40 25 7 19 17 23 18 35 4 13 29 16 10 11 32 21 
3 239 278 829498560 24 14 10 7 31 6 35 34 38 27 19 5 13 22 37 28 25 11 26 36 24 16 40 32 12 
5
40 240 267 65074380 22 15 26 6 4 23 5 38 8 7 34 20 12 17 31 33 18 37 1 19 36 29 39 
3 240 281 20136522 22 14 2 9 32 40 7 6 30 21 15 38 27 22 8 24 5 12 39 29 33 10 34 
37 240 244 156239375 22 33 31 30 40 29 18 9 8 14 36 16 11 13 26 1 2 23 4 5 28 10 25 
26 240 263 346018824 23 27 7 13 6 14 18 30 38 10 37 33 35 8 4 25 2 3 17 21 1 9 40 23 
28 240 245 256774692 20 35 17 4 37 27 32 40 23 39 6 18 14 1 29 16 10 9 19 33 11 
1
3 241 243 18754671 20 2 11 28 15 36 13 10 38 37 9 5 17 19 18 16 26 39 25 8 24 
4
6 242 243 43217532 21 40 29 14 39 22 5 11 19 20 30 9 15 13 16 24 32 1 37 8 21 34 
26 242 279 856664666 21 4 28 1 16 34 11 29 6 14 8 3 17 32 31 37 33 38 10 39 23 30 
20 242 248 4764844 20 25 28 39 37 29 27 18 2 31 36 24 22 1 33 9 17 16 35 3 14 
25 242 260 593994397 21 34 19 3 40 10 36 1 37 5 30 20 18 32 11 4 8 12 39 9 33 38 
2
7 243 252 139871950 22 15 25 23 35 21 33 19 34 13 17 40 32 11 36 4 38 24 26 12 14 28 1 
7 243 251 13185405 24 27 29 11 5 6 20 12 19 23 31 36 16 32 2 15 33 1 17 38 26 10 14 8 37 
1
27 244 255 321221196 24 35 15 4 23 39 10 1 16 13 3 30 11 22 8 26 38 28 17 12 31 7 37 25 20 
1
10 245 263 16619072 20 16 40 26 29 11 2 8 15 24 38 36 34 25 6 31 18 9 32 33 7 
1
18 246 253 114372600 22 12 32 8 2 6 33 40 37 14 20 15 3 34 27 26 21 9 1 24 19 11 17 
0
3
17 248 276 112117741 24 8 2 32 24 21 15 29 5 18 37 26 7 19 11 38 10 33 25 36 31 3 4 1 23 
36 248 260 339086540 21 8 38 5 6 7 35 21 1 16 25 20 31 12 11 18 15 10 28 4 34 39 
29 248 256 411775029 24 40 1 5 10 18 12 26 39 23 38 25 6 9 11 37 20 14 33 36 21 8 19 24 22 
4
2 249 265 202441780 22 27 35 25 30 26 3 6 5 24 31 32 39 22 29 7 37 13 19 28 10 14 4 
28 249 263 661376145 23 1 5 21 17 38 12 35 25 11 18 19 32 7 33 26 40 8 36 34 2 24 22 6 
29 249 271 242411467 21 13 27 14 33 19 6 39 4 22 26 23 12 18 9 11 21 36 24 30 1 7 
1 249 253 68583885 21 36 9 3 8 10 32 25 38 28 21 16 39 5 19 34 4 40 24 33 6 17 
3
19 250 275 192173332 22 31 36 29 16 35 20 5 2 17 4 30 21 22 6 13 24 40 39 28 11 27 38 
13 250 254 27429100 20 26 10 34 33 38 2 31 19 9 32 17 4 35 21 16 28 3 20 27 40 
13 250 253 50075640 21 10 33 11 6 31 2 32 3 36 4 29 39 23 15 34 24 27 38 16 20 28 
3
39 251 256 86805960 24 28 36 11 26 22 35 29 40 13 3 33 16 20 24 15 5 6 9 8 1 21 37 2 7 
34 251 261 370616158 20 18 8 12 1 24 6 37 22 11 33 32 27 15 10 36 2 39 23 38 16 
23 251 261 303940153 21 35 26 15 31 6 36 40 20 3 4 25 11 8 38 32 22 37 28 9 21 13 
2
30 252 263 293997972 24 9 17 8 38 24 11 16 2 22 33 28 7 32 29 20 37 35 36 12 3 27 4 1 18 
35 252 265 5316290 22 6 2 32 33 19 30 17 11 9 28 36 5 37 7 31 24 3 23 27 21 10 4 
2
19 253 261 147150297 20 18 5 20 3 9 28 33 4 22 36 17 34 7 24 35 13 27 32 14 38 
18 253 257 46740220 20 25 4 39 7 28 23 1 24 27 26 19 10 33 9 5 40 30 36 31 15 
1
30 254 280 246753783 21 37 34 11 18 29 40 13 23 32 16 27 35 3 14 9 31 38 10 15 7 1 
4
7 255 264 292076820 23 17 19 11 20 40 33 23 31 9 35 14 37 36 16 6 27 15 29 34 2 12 1 25 
19 255 267 524655664 24 9 20 24 21 36 1 30 22 2 35 17 34 40 31 15 28 12 7 38 27 33 32 11 18 
38 255 282 876456868 21 30 31 16 7 21 28 3 12 40 37 27 13 2 6 34 17 1 8 18 14 24 
27 255 277 18773980 24 36 17 22 35 28 37 7 19 24 5 18 29 38 12 11 15 1 30 34 33 39 13 23 4 
1
13 256 268 220935949 23 8 40 12 6 25 28 26 20 1 11 27 19 24 18 22 4 35 33 17 23 31 39 3 
2
21 257 262 276099486 24 18 24 12 30 32 19 33 11 20 39 25 10 23 31 5 40 6 1 35 9 36 4 8 7 
26 257 267 8143377 22 11 8 35 20 29 21 22 39 34 18 13 3 10 6 17 23 12 27 9 7 38 32 
1
37 258 264 173734141 23 30 3 4 2 1 16 35 22 11 31 28 13 33 38 9 36 27 23 34 21 19 6 12 
1
23 259 269 75005238 24 39 15 34 24 3 37 21 17 12 7 26 38 31 11 33 40 29 25 9 28 35 36 22 10 
2
1 260 277 849659634 22 2 11 16 24 26 5 30 6 4 13 23 35 9 29 33 20 22 3 39 28 27 31 
28 260 262 39981813 22 34 16 19 8 18 21 38 9 17 11 23 22 2 29 14 3 26 20 1 37 5 35 
3
2 261 267 30198791 24 25 22 40 13 12 33 7 27 34 3 15 23 26 38 16 8 36 32 11 24 21 20 9 29 
38 261 262 63313912 20 3 15 1 10 6 20 34 27 28 39 13 32 35 40 29 22 2 14 17 24 
6 261 265 66598410 21 32 16 1 34 39 3 19 24 15 29 30 9 17 13 25 27 26 2 18 28 31 
2
18 262 266 11121650 24 14 30 13 10 34 23 40 8 32 16 22 39 12 36 5 6 35 15 20 3 31 33 1 4 
17 262 281 55495080 22 13 32 7 39 31 6 8 3 36 11 19 26 12 40 37 38 28 24 30 27 34 10 
1
19 263 270 173435856 22 34 4 9 32 16 38 1 21 12 36 15 18 30 8 23 22 29 31 5 11 20 14 
4
32 264 268 44695500 23 3 39 26 11 12 37 25 33 20 6 19 29 27 10 31 13 4 21 16 8 22 14 2 
18 264 266 8315085 24 5 1 6 26 31 20 3 28 10 11 12 4 35 9 34 13 32 17 40 38 30 14 21 27 
37 264 267 107151472 23 5 11 33 25 35 15 23 12 24 40 36 18 34 21 32 7 28 29 8 20 38 1 27 
34 264 275 244666896 23 40 24 36 17 30 25 6 14 15 3 28 4 21 9 31 1 33 29 32 27 5 39 7 
2
40 265 280 170864288 21 38 8 19 10 4 14 32 37 29 9 1 23 2 7 20 26 27 39 3 31 36 
37 265 271 349460461 24 4 10 39 2 35 19 14 24 18 13 27 9 23 3 36 1 28 22 16 15 34 25 31 12 
1
18 266 278 178450324 21 3 14 5 1 2 15 17 13 9 6 12 23 34 32 21 7 19 25 28 16 33 
2
18 267 275 86615262 24 11 29 13 31 34 23 15 10 19 30 37 14 38 24 36 40 9 1 25 2 5 20 4 32 
37 267 274 15196744 21 17 7 40 4 6 33 29 8 19 25 22 2 28 9 27 20 32 15 12 39 11 
2
17 268 271 185058036 20 33 5 35 7 28 1 38 8 2 6 21 40 11 31 9 25 19 29 4 22 
40 268 272 3958055 23 19 10 31 17 27 16 24 14 32 20 7 18 8 38 28 3 23 2 12 39 33 29 1 
2
12 269 274 124905222 23 19 27 32 25 20 40 7 36 31 3 18 2 15 6 9 33 16 23 5 11 26 35 38 
3 269 271 5460645 20 40 22 5 19 37 10 13 32 25 21 34 24 8 29 36 26 11 6 27 31 
3
26 270 277 26339392 22 5 40 2 16 39 9 18 37 29 14 20 34 11 23 17 15 13 24 6 1 33 7 
25 270 276 8662283 24 18 26 8 6 38 36 28 10 35 20 21 11 24 3 39 12 13 23 1 17 16 22 40 27 
37 270 272 2162544 22 21 9 1 8 15 16 36 34 2 35 10 4 3 23 14 6 32 17 39 20 38 22 
2
11 271 276 225236268 20 35 14 30 10 20 34 22 18 32 17 9 28 33 36 26 40 8 38 15 12 
37 271 275 28240255 21 40 25 2 13 16 35 3 32 28 9 31 30 15 19 18 29 36 38 4 33 10 
1
4 272 274 105327495 20 13 29 22 33 21 37 16 34 7 3 1 39 28 8 9 26 11 10 5 30 
1
37 273 277 66823290 23 34 5 21 14 12 30 19 31 38 24 22 25 18 2 4 10 28 7 36 29 15 27 8 
1
8 274 277 37195408 22 2 38 1 23 10 6 16 18 19 35 21 9 37 25 14 34 40 28 15 24 7 5 
4
27 275 285 1336853419 23 33 4 23 5 15 36 38 2 9 21 28 25 24 3 17 31 30 16 1 13 40 32 34 
6 275 276 49057058 21 27 10 31 7 23 37 29 22 25 36 11 16 12 1 15 24 30 28 13 26 40 
30 275 279 87809865 20 7 9 8 1 18 12 32 5 6 22 25 13 21 2 11 16 14 29 23 39 
22 275 285 746914124 21 25 1 15 14 35 19 2 33 16 18 38 29 28 32 26 23 6 13 24 4 5 
2
33 276 285 47464650 21 39 28 5 37 8 32 21 1 22 24 7 35 27 11 20 2 3 23 13 29 14 
29 276 283 638686832 21 6 2 1 39 19 31 37 18 24 40 16 12 33 22 10 14 25 4 3 7 26 
2
1 277 278 23562862 23 14 32 5 38 34 19 36 27 9 39 12 40 4 37 21 18 24 15 29 10 16 8 23 
12 277 280 59691316 23 3 8 9 1 34 19 21 23 35 39 28 13 5 33 36 15 25 14 7 30 6 22 18 
1
38 278 279 10496308 24 29 14 17 32 37 13 3 39 4 12 10 25 22 35 28 27 6 21 23 34 30 5 16 33 
3
4 279 280 44105428 24 26 34 36 28 40 13 1 38 21 6 12 15 5 22 7 35 14 9 30 3 11 29 20 18 
39 279 287 264684780 23 22 7 23 24 2 27 21 4 15 6 36 13 10 38 26 30 1 34 16 17 20 8 3 
1 279 284 63331890 23 31 39 3 29 30 12 32 24 13 10 38 16 9 6 26 18 7 37 5 33 25 28 40 
3
21 280 284 29403685 24 35 6 9 27 7 34 17 13 15 29 39 10 31 37 2 18 22 19 25 26 40 4 3 5 
30 280 282 34523712 20 7 17 20 4 1 31 35 12 29 28 25 36 18 24 21 26 14 23 2 32 
32 280 284 125201115 24 2 39 10 4 29 34 24 13 23 6 30 20 17 21 33 31 15 14 12 5 3 7 37 27 
1
36 281 283 74234685 23 3 28 34 2 22 30 7 4 16 37 24 23 35 12 33 6 18 32 39 10 29 26 15 
3
19 282 286 19570770 21 23 1 24 37 29 15 25 33 7 12 8 6 40 32 3 35 31 30 13 2 18 
32 282 283 36407864 21 15 37 12 36 24 14 9 17 8 2 3 6 20 18 40 1 13 4 22 28 25 
31 282 284 19136928 24 3 24 2 14 9 25 6 32 4 1 18 37 13 22 26 33 27 30 28 34 38 12 20 10 
3
35 283 285 28074234 24 38 16 7 9 33 21 32 34 24 28 23 10 37 31 11 8 29 14 36 5 13 1 4 22 
1 283 285 85191390 21 17 28 22 10 11 4 24 25 14 23 13 33 39 20 32 40 35 3 16 31 37 
21 283 285 51597318 23 17 30 2 31 11 7 1 37 36 24 35 29 16 5 22 10 25 8 33 20 40 32 28 
2
8 284 287 8100988 24 18 32 25 38 29 2 19 16 40 35 6 20 17 36 34 4 21 37 28 31 1 3 11 5 
11 284 287 414388488 23 24 40 35 31 2 28 19 22 1 30 12 33 32 25 16 14 4 18 3 15 23 39 26 
0
1
14 286 287 33299966 21 8 16 18 20 9 25 23 11 2 7 12 31 28 22 3 26 34 24 30 4 13 
2
25 287 287 10587750 24 4 38 11 35 27 8 22 24 15 3 18 20 7 9 28 2 26 33 16 34 13 19 5 12 
24 287 287 123106326 22 5 28 10 36 40 23 31 34 21 30 4 22 1 33 27 16 35 29 20 26 38 14 
