1 0 100.00% 1.280115
2 0 100.00% 1.296598
2 1 66.67% 1.205858
3 1 75.00% 1.276158
3 2 60.00% 1.291671
4 2 66.67% 1.309645
5 3 62.50% 1.201500
5 5 50.00% 0.708953
5 6 45.45% 0.687561
6 6 50.00% 1.172103
6 7 46.15% 0.583403
6 8 42.86% 1.206207
6 9 40.00% 1.258417
6 11 35.29% 1.301362
7 11 38.89% 1.216437
8 11 42.11% 1.494924
8 13 38.10% 0.649503
8 14 36.36% 0.602181
8 15 34.78% 0.671595
8 16 33.33% 0.661091
8 17 32.00% 0.649875
9 17 34.62% 1.217111
9 20 31.03% 0.646952
9 22 29.03% 1.279568
9 23 28.12% 1.175252
10 24 29.41% 1.635005
10 25 28.57% 1.240940
10 26 27.78% 1.301045
10 28 26.32% 0.687657
10 29 25.64% 1.307967
10 30 25.00% 0.607538
10 31 24.39% 1.177843
11 32 25.58% 1.196822
11 34 24.44% 1.171921
12 35 25.53% 0.598105
12 36 25.00% 0.597571
12 38 24.00% 0.588262
13 38 25.49% 1.169489
13 39 25.00% 1.217101
13 40 24.53% 0.625605
14 42 25.00% 1.164018
14 43 24.56% 1.165299
14 44 24.14% 0.592230
14 45 23.73% 1.169495
14 46 23.33% 0.598715
