1 0 100.00% 0.086429
2 0 100.00% 0.311970
2 1 66.67% 0.142608
3 1 75.00% 0.290169
4 1 80.00% 0.114851
5 1 83.33% 0.113724
6 1 85.71% 0.064549
6 2 75.00% 0.029575
7 2 77.78% 0.095401
7 3 70.00% 0.182722
7 4 63.64% 0.124961
8 4 66.67% 0.093789
8 5 61.54% 0.037299
8 6 57.14% 0.054015
9 6 60.00% 0.186448
9 7 56.25% 0.034065
10 7 58.82% 0.037100
11 7 61.11% 0.212573
12 7 63.16% 0.362497
12 8 60.00% 0.036380
12 9 57.14% 0.450796
12 10 54.55% 0.118669
12 11 52.17% 0.375097
13 11 54.17% 0.042590
13 12 52.00% 0.184874
14 12 53.85% 0.144374
15 12 55.56% 0.273190
15 13 53.57% 0.314090
15 14 51.72% 0.089208
16 14 53.33% 0.313588
16 15 51.61% 0.062203
17 15 53.12% 0.091539
18 15 54.55% 0.162546
18 16 52.94% 0.027035
18 17 51.43% 0.152449
18 18 50.00% 0.087013
18 19 48.65% 0.122565
19 19 50.00% 0.088879
19 20 48.72% 0.122146
20 20 50.00% 0.140222
20 21 48.78% 0.093361
21 21 50.00% 0.206903
22 21 51.16% 0.166485
22 22 50.00% 0.024554
23 22 51.11% 0.087104
24 22 52.17% 0.078417
24 23 51.06% 0.137323
24 24 50.00% 0.061449
25 24 51.02% 0.045439
25 25 50.00% 0.084057
26 25 50.98% 0.039971
26 26 50.00% 0.034815
27 26 50.94% 0.053472
27 27 50.00% 0.057421
28 27 50.91% 0.043803
29 27 51.79% 0.061986
30 27 52.63% 0.069915
31 27 53.45% 0.051829
31 28 52.54% 0.030214
32 28 53.33% 0.034691
