1 0 100.00% 6.454412
2 0 100.00% 12.298940
2 1 66.67% 6.933146
2 2 50.00% 17.401019
2 3 40.00% 9.252909
3 3 50.00% 24.684313
3 4 42.86% 10.428165
3 5 37.50% 0.881410
3 6 33.33% 3.656145
3 7 30.00% 7.566713
3 8 27.27% 4.791491
3 9 25.00% 8.304588
3 10 23.08% 1.417419
3 11 21.43% 3.749981
3 12 20.00% 8.329851
3 13 18.75% 1.478335
4 13 23.53% 1.868000
4 14 22.22% 11.472103
4 15 21.05% 21.912253
4 16 20.00% 2.352445
4 17 19.05% 14.974413
4 18 18.18% 7.730238
4 19 17.39% 13.592444
5 19 20.83% 5.071504
6 19 24.00% 6.849682
6 20 23.08% 14.038251
6 21 22.22% 14.347299
6 22 21.43% 11.445506
6 23 20.69% 3.359839
