1 0 100.00% 11.522115
1 1 50.00% 21.873337
1 2 33.33% 10.351589
1 3 25.00% 28.063041
2 3 40.00% 12.729638
3 3 50.00% 58.818251
4 3 57.14% 17.281449
5 3 62.50% 1.285327
6 3 66.67% 5.025861
7 3 70.00% 11.317659
7 4 63.64% 6.971073
7 5 58.33% 11.562492
8 5 61.54% 1.995595
8 6 57.14% 5.140359
8 7 53.33% 13.719153
8 8 50.00% 1.916870
8 9 47.06% 2.548470
8 10 44.44% 18.077018
8 11 42.11% 37.791669
9 11 45.00% 3.341100
9 12 42.86% 26.815823
10 12 45.45% 11.664753
10 13 43.48% 23.256969
10 14 41.67% 7.318008
10 15 40.00% 10.192620
10 16 38.46% 25.084200
10 17 37.04% 24.229865
10 18 35.71% 18.377054
10 19 34.48% 5.377795
