1
5 0 13 18055 2 3 10 
1
4 1 28 47258 2 11 6 
1
11 2 17 48835 2 2 7 
1
6 3 38 66884 2 7 12 
1
9 4 19 6376 2 3 11 
1
4 5 58 3029 2 7 2 
0
2
10 7 28 369 2 11 1 
3 7 8 5169 2 4 9 
0
2
4 9 16 5738 2 1 12 
7 9 25 34107 2 12 4 
1
5 10 20 43088 2 4 11 
1
8 11 27 17703 2 1 6 
1
12 12 14 47 2 7 6 
1
7 13 20 76935 2 9 12 
1
5 14 31 33548 2 4 1 
0
2
5 16 18 25702 2 1 2 
11 16 19 122 2 2 9 
1
10 17 41 18060 2 8 3 
1
9 18 58 52037 2 2 10 
0
2
5 20 24 19649 2 9 8 
3 20 52 176474 2 12 4 
1
9 21 37 64375 2 1 11 
1
12 22 50 89195 2 10 2 
1
2 23 33 4422 2 5 4 
0
1
10 25 39 58255 2 9 7 
1
1 26 57 20281 2 5 4 
0
3
6 28 57 19047 2 4 2 
9 28 52 62000 2 6 11 
11 28 34 10479 2 12 6 
0
2
11 30 56 29770 2 9 7 
1 30 37 18028 2 4 3 
0
1
2 32 39 8609 2 4 5 
2
6 33 55 20907 2 10 5 
1 33 34 125 2 6 2 
0
1
12 35 51 53550 2 9 1 
1
9 36 45 1098 2 3 1 
0
2
6 38 47 2797 2 8 2 
9 38 44 3112 2 6 11 
1
12 39 48 4717 2 8 1 
1
6 40 54 5158 2 4 9 
1
11 41 52 10353 2 6 1 
0
2
1 43 57 40534 2 11 7 
6 43 57 10621 2 12 5 
2
4 44 45 1793 2 5 2 
8 44 49 2251 2 3 11 
0
2
10 46 55 1982 2 6 3 
10 46 56 25900 2 2 6 
0
1
4 48 52 5313 2 12 5 
2
12 49 52 1970 2 1 9 
2 49 57 93945 2 8 3 
1
5 50 58 2050 2 3 1 
1
12 51 54 26225 2 5 3 
0
0
1
10 54 58 5529 2 1 9 
3
9 55 59 15468 2 11 12 
5 55 57 5946 2 6 1 
12 55 58 4832 2 8 11 
1
3 56 59 6577 2 11 4 
1
9 57 59 3715 2 11 5 
1
11 58 59 4392 2 10 3 
1
3 59 59 1956 2 11 6 
