0 1 0.00% 2.598213
0 2 0.00% 2.779128
0 3 0.00% 0.629184
1 3 25.00% 0.724711
2 3 40.00% 0.604396
2 4 33.33% 0.663266
2 5 28.57% 2.741257
3 5 37.50% 0.596589
4 5 44.44% 1.497141
5 5 50.00% 2.459575
5 6 45.45% 0.036915
6 6 50.00% 1.301422
6 7 46.15% 2.000990
6 8 42.86% 1.583364
6 9 40.00% 0.127910
6 10 37.50% 0.821498
6 11 35.29% 0.364818
7 11 38.89% 1.421567
7 12 36.84% 1.118596
7 13 35.00% 1.754966
7 14 33.33% 1.136614
7 15 31.82% 0.751825
7 16 30.43% 0.352629
7 17 29.17% 0.113401
7 18 28.00% 0.879357
7 19 26.92% 1.638235
8 19 29.63% 0.865164
9 19 32.14% 1.251646
9 20 31.03% 0.053209
9 21 30.00% 0.288687
9 22 29.03% 0.406477
10 22 31.25% 0.479289
10 23 30.30% 0.147730
10 24 29.41% 1.343089
10 25 28.57% 0.907563
11 25 30.56% 0.246338
11 26 29.73% 0.162579
11 27 28.95% 0.110445
11 28 28.21% 1.146556
11 29 27.50% 0.143324
11 30 26.83% 0.543429
11 31 26.19% 0.631128
11 32 25.58% 0.441088
11 33 25.00% 0.478383
12 33 26.67% 0.485315
12 34 26.09% 0.391708
12 35 25.53% 0.465982
12 36 25.00% 0.192770
13 36 26.53% 0.263963
13 37 26.00% 0.044923
13 38 25.49% 0.134333
13 39 25.00% 0.246396
13 40 24.53% 0.459955
13 41 24.07% 0.315907
14 41 25.45% 0.141053
15 41 26.79% 0.128367
16 41 28.07% 0.128199
17 41 29.31% 0.134568
18 41 30.51% 0.077896
18 42 30.00% 0.025153
