1 0 100.00% 22.719454
2 0 100.00% 63.294723
3 0 100.00% 65.595554
3 1 75.00% 16.689474
4 1 80.00% 12.351235
5 1 83.33% 15.804043
5 2 71.43% 43.067248
5 3 62.50% 48.346631
5 4 55.56% 6.379751
5 5 50.00% 12.103216
5 6 45.45% 9.169705
5 7 41.67% 12.269406
6 7 46.15% 24.757457
6 8 42.86% 6.384420
6 9 40.00% 29.190174
7 9 43.75% 21.865308
7 10 41.18% 40.180755
7 11 38.89% 12.315602
7 12 36.84% 31.176210
7 13 35.00% 37.636524
8 13 38.10% 18.926302
9 13 40.91% 19.677892
10 13 43.48% 24.190790
11 13 45.83% 23.848568
11 14 44.00% 34.100507
11 15 42.31% 12.188842
11 16 40.74% 23.626544
11 17 39.29% 26.645530
11 18 37.93% 28.254398
12 18 40.00% 29.656217
12 19 38.71% 15.407109
12 20 37.50% 9.658196
12 21 36.36% 12.877491
12 22 35.29% 9.786879
12 23 34.29% 22.770343
12 24 33.33% 19.219241
12 25 32.43% 24.642325
12 26 31.58% 16.347593
12 27 30.77% 23.633763
12 28 30.00% 8.802545
13 28 31.71% 9.187181
13 29 30.95% 10.184699
14 29 32.56% 12.073347
14 30 31.82% 15.100425
14 31 31.11% 12.849384
14 32 30.43% 6.248275
14 33 29.79% 5.845346
15 33 31.25% 8.690631
16 33 32.65% 8.660667
16 34 32.00% 8.637805
16 35 31.37% 8.763523
16 36 30.77% 5.847709
17 36 32.08% 5.790338
17 37 31.48% 5.806606
17 38 30.91% 5.793566
17 39 30.36% 5.836586
17 40 29.82% 5.838659
