1 0 100.00% 5.656743
2 0 100.00% 17.715296
3 0 100.00% 18.201259
3 1 75.00% 5.090747
4 1 80.00% 3.883451
5 1 83.33% 4.632898
5 2 71.43% 14.267138
5 3 62.50% 12.284016
6 3 66.67% 1.896573
6 4 60.00% 4.413352
6 5 54.55% 2.715200
6 6 50.00% 3.918268
7 6 53.85% 8.471635
7 7 50.00% 2.397990
7 8 46.67% 10.733172
8 8 50.00% 5.853306
8 9 47.06% 11.638823
8 10 44.44% 3.897899
8 11 42.11% 10.517342
8 12 40.00% 10.558839
9 12 42.86% 5.810695
9 13 40.91% 5.605469
9 14 39.13% 7.657753
10 14 41.67% 7.173777
11 14 44.00% 10.451629
11 15 42.31% 3.645624
11 16 40.74% 8.090577
12 16 42.86% 8.714289
12 17 41.38% 10.702448
13 17 43.33% 8.614558
14 17 45.16% 4.843740
14 18 43.75% 3.002280
14 19 42.42% 4.048165
14 20 41.18% 3.058088
15 20 42.86% 7.202688
15 21 41.67% 5.880211
15 22 40.54% 8.209645
15 23 39.47% 4.804774
15 24 38.46% 6.295135
16 24 40.00% 2.659654
17 24 41.46% 2.806509
17 25 40.48% 2.669249
17 26 39.53% 3.541477
17 27 38.64% 4.539179
17 28 37.78% 4.134819
18 28 39.13% 1.815868
18 29 38.30% 1.765368
19 29 39.58% 2.669484
19 30 38.78% 2.674959
19 31 38.00% 2.580642
19 32 37.25% 3.109505
19 33 36.54% 1.777288
20 33 37.74% 1.799391
21 33 38.89% 1.844690
21 34 38.18% 1.776541
21 35 37.50% 1.863349
21 36 36.84% 1.760119
