0
3
1 1 4 3293 4 3 7 4 11 
1 1 6 3462 4 7 8 3 9 
11 1 5 8159 4 6 4 12 9 
6
2 2 4 9077 4 10 8 5 1 
3 2 8 11887 4 7 10 9 4 
6 2 4 5221 4 3 8 5 9 
11 2 4 3146 4 8 2 9 6 
6 2 12 18450 4 11 4 12 5 
8 2 6 18164 4 3 9 6 4 
3
8 3 7 6017 4 2 1 3 9 
8 3 17 37960 4 5 9 11 7 
9 3 7 8073 4 12 8 7 10 
3
10 4 12 1670 4 7 6 4 9 
4 4 11 38370 4 3 10 12 2 
2 4 5 3024 4 12 11 1 5 
0
3
10 6 12 22544 4 6 5 8 11 
9 6 14 13426 4 11 12 10 8 
12 6 11 849 4 2 3 7 5 
0
3
3 8 9 1988 4 1 6 2 8 
5 8 17 3164 4 11 10 6 2 
8 8 10 471 4 2 1 11 7 
6
9 9 13 45637 4 12 2 10 5 
7 9 10 6270 4 12 11 2 10 
7 9 11 9390 4 6 10 9 12 
10 9 12 4060 4 8 6 9 12 
8 9 12 5635 4 4 5 3 7 
11 9 14 3379 4 7 10 2 6 
3
5 10 14 6906 4 2 9 1 6 
12 10 11 1645 4 7 3 2 9 
8 10 19 15834 4 12 6 2 10 
6
7 11 12 838 4 12 8 3 11 
9 11 14 5312 4 5 7 1 2 
4 11 12 4558 4 12 3 5 8 
10 11 19 9571 4 12 5 11 7 
11 11 14 24176 4 7 4 9 6 
7 11 12 5891 4 3 8 9 2 
3
7 12 19 34581 4 8 11 5 6 
10 12 14 1885 4 12 7 3 5 
9 12 18 4228 4 6 7 5 2 
3
9 13 16 12644 4 6 4 8 3 
8 13 16 2343 4 4 2 3 7 
6 13 15 5674 4 11 9 5 8 
3
3 14 15 5529 4 11 7 9 8 
7 14 19 2338 4 9 5 1 10 
10 14 15 6595 4 7 4 11 6 
3
6 15 19 2289 4 8 4 1 5 
9 15 18 5845 4 4 5 11 2 
6 15 17 4865 4 7 8 2 12 
3
4 16 17 6790 4 5 10 1 3 
4 16 17 3107 4 2 1 3 7 
8 16 18 3391 4 11 5 12 9 
3
7 17 18 642 4 3 5 4 1 
9 17 19 6049 4 11 12 8 3 
4 17 18 992 4 12 10 2 5 
3
9 18 19 9034 4 6 1 7 12 
9 18 19 2254 4 12 10 8 1 
11 18 19 2790 4 4 1 7 12 
3
12 19 19 523 4 7 4 3 1 
8 19 19 2586 4 6 12 11 9 
1 19 19 44 4 6 7 11 12 
