1 0 100.00% 0.884416
2 0 100.00% 0.846572
3 0 100.00% 0.845898
4 0 100.00% 0.829283
5 0 100.00% 2.976728
6 0 100.00% 0.819169
7 0 100.00% 1.864732
8 0 100.00% 5.128674
8 1 88.89% 1.143706
9 1 90.00% 1.536658
10 1 90.91% 3.255751
11 1 91.67% 3.358187
12 1 92.31% 0.816315
13 1 92.86% 3.848914
13 2 86.67% 2.923526
13 3 81.25% 2.002352
14 3 82.35% 3.325341
14 4 77.78% 0.377832
15 4 78.95% 3.517015
15 5 75.00% 0.110858
16 5 76.19% 3.241824
16 6 72.73% 3.017125
17 6 73.91% 3.118436
17 7 70.83% 5.605498
17 8 68.00% 0.610832
18 8 69.23% 1.327252
19 8 70.37% 1.067549
19 9 67.86% 1.401956
20 9 68.97% 2.089622
21 9 70.00% 5.492690
22 9 70.97% 2.312092
23 9 71.88% 1.948070
24 9 72.73% 3.140617
24 10 70.59% 6.398611
25 10 71.43% 2.289247
25 11 69.44% 2.875442
26 11 70.27% 3.611283
26 12 68.42% 0.754653
27 12 69.23% 2.740399
27 13 67.50% 1.561030
27 14 65.85% 0.566182
27 15 64.29% 1.113258
27 16 62.79% 0.455848
28 16 63.64% 0.809333
28 17 62.22% 1.439542
29 17 63.04% 2.038771
30 17 63.83% 2.398520
31 17 64.58% 2.818232
31 18 63.27% 0.211174
32 18 64.00% 2.034246
32 19 62.75% 0.896746
33 19 63.46% 1.441990
34 19 64.15% 1.318714
35 19 64.81% 0.922155
36 19 65.45% 0.882443
37 19 66.07% 0.930929
38 19 66.67% 0.882894
39 19 67.24% 0.867980
40 19 67.80% 0.854772
