1 0 100.00% 6.192533
2 0 100.00% 4.142722
3 0 100.00% 6.190505
4 0 100.00% 4.099126
4 1 80.00% 24.722206
5 1 83.33% 4.166091
6 1 85.71% 10.251365
7 1 87.50% 69.992484
7 2 77.78% 6.204983
7 3 70.00% 8.236608
8 3 72.73% 22.723324
9 3 75.00% 45.484051
9 4 69.23% 4.104603
9 5 64.29% 45.276092
9 6 60.00% 18.477259
9 7 56.25% 18.536578
10 7 58.82% 26.917318
10 8 55.56% 8.250810
10 9 52.63% 24.657929
10 10 50.00% 6.202651
10 11 47.62% 70.030995
10 12 45.45% 16.453207
10 13 43.48% 22.692217
10 14 41.67% 39.419328
10 15 40.00% 6.170754
10 16 38.46% 6.156295
10 17 37.04% 18.409470
11 17 39.29% 6.192768
11 18 37.93% 61.909443
11 19 36.67% 58.589758
11 20 35.48% 16.490096
11 21 34.38% 10.267431
11 22 33.33% 18.567376
11 23 32.35% 35.099170
11 24 31.43% 23.375232
11 25 30.56% 16.541460
11 26 29.73% 45.175253
11 27 28.95% 4.089006
11 28 28.21% 14.355871
11 29 27.50% 10.270216
11 30 26.83% 8.264308
12 30 28.57% 6.160056
12 31 27.91% 4.122688
13 31 29.55% 4.124789
14 31 31.11% 8.376588
15 31 32.61% 24.663555
16 31 34.04% 14.466431
17 31 35.42% 18.568934
17 32 34.69% 4.109670
18 32 36.00% 21.267212
19 32 37.25% 4.119241
20 32 38.46% 18.450026
20 33 37.74% 14.542357
21 33 38.89% 8.203746
21 34 38.18% 6.142989
21 35 37.50% 6.170194
21 36 36.84% 6.201771
22 36 37.93% 4.129807
23 36 38.98% 4.107054
