1 0 100.00% 64.522935
2 0 100.00% 64.311601
3 0 100.00% 64.342148
4 0 100.00% 64.507442
5 0 100.00% 64.463753
6 0 100.00% 64.149852
7 0 100.00% 64.350741
8 0 100.00% 66.837472
8 1 88.89% 33.834678
9 2 81.82% 33.741082
10 2 83.33% 67.095269
11 3 78.57% 67.314105
11 4 73.33% 33.536785
11 5 68.75% 33.519741
12 6 66.67% 66.856828
12 7 63.16% 67.022492
12 8 60.00% 33.602538
13 9 59.09% 66.950155
14 9 60.87% 67.137858
14 11 56.00% 33.944965
15 11 57.69% 33.273148
17 11 60.71% 33.456906
18 11 62.07% 67.125891
18 12 60.00% 66.945573
18 13 58.06% 67.204507
18 14 56.25% 33.716444
18 15 54.55% 33.557391
18 16 52.94% 33.782304
18 17 51.43% 32.071828
18 18 50.00% 63.980154
19 18 51.35% 64.543750
19 19 50.00% 64.207671
19 20 48.72% 32.225096
19 21 47.50% 32.032784
19 22 46.34% 64.063514
19 23 45.24% 33.573979
19 24 44.19% 66.791624
20 24 45.45% 66.854643
20 25 44.44% 67.133473
21 26 44.68% 33.391555
21 27 43.75% 33.847945
22 28 44.00% 66.725416
22 29 43.14% 66.709491
23 29 44.23% 67.042885
24 29 45.28% 67.022306
24 30 44.44% 67.844702
24 31 43.64% 33.457022
26 31 45.61% 33.497642
28 31 47.46% 70.164215
