1
10 0 2 310894 9 5 2 4 8 7 1 9 12 11 
1
7 1 2 741314 9 2 12 10 11 4 5 6 3 1 
1
2 2 4 217090 9 5 4 12 11 6 3 7 10 8 
1
10 3 4 75384 9 1 7 11 4 6 8 12 3 9 
0
1
8 5 16 7413757 9 5 11 10 6 1 7 9 4 2 
1
6 6 7 310529 9 7 8 4 3 10 12 5 1 2 
1
7 7 11 257905 9 11 1 2 5 4 3 6 12 10 
1
10 8 41 12301366 9 2 5 3 9 7 1 6 8 12 
1
4 9 11 207791 9 7 3 11 9 12 5 6 10 1 
2
2 10 13 21607 9 10 5 12 8 1 11 3 4 9 
10 10 20 303274 9 7 8 12 1 5 11 4 2 9 
0
1
10 12 33 1344477 9 12 9 3 2 7 11 6 4 5 
0
2
5 14 15 396120 9 12 2 9 6 11 1 3 8 10 
2 14 35 6395565 9 12 8 11 10 5 6 7 1 9 
1
8 15 23 3233489 9 12 7 2 11 3 1 5 6 4 
1
8 16 24 7173865 9 11 5 3 1 9 4 7 12 10 
2
6 17 29 5457199 9 7 8 2 9 5 3 12 10 4 
6 17 20 1046908 9 9 7 12 2 10 11 5 3 1 
1
10 18 29 4294792 9 12 4 1 6 9 8 7 5 11 
1
12 19 21 156427 9 6 1 2 5 4 10 7 3 8 
0
2
7 21 54 2213831 9 4 2 8 9 1 12 10 11 5 
11 21 28 1209308 9 2 3 6 4 5 1 7 10 12 
0
1
12 23 33 1077731 9 7 3 5 9 4 1 10 6 11 
2
5 24 42 17927695 9 12 11 6 4 8 9 1 3 7 
7 24 26 264476 9 8 5 2 6 4 11 10 3 9 
0
1
4 26 28 1149679 9 8 10 2 7 1 5 6 9 11 
2
2 27 35 226014 9 3 4 5 7 10 9 1 11 6 
1 27 29 799167 9 11 5 2 7 3 8 4 6 10 
1
1 28 57 4278408 9 10 9 7 3 8 2 12 6 11 
1
6 29 56 16247831 9 12 9 7 1 2 4 8 10 11 
1
4 30 37 972326 9 10 8 1 12 11 7 9 6 3 
1
9 31 35 1349646 9 8 3 6 11 10 7 5 1 2 
1
11 32 40 2796336 9 8 10 4 6 2 12 9 1 7 
1
4 33 49 3339100 9 3 8 2 1 11 6 7 12 5 
1
6 34 44 181863 9 9 10 2 12 1 8 5 4 7 
1
1 35 42 995416 9 8 4 7 10 3 9 2 5 11 
1
8 36 57 1256950 9 6 12 9 5 4 10 2 1 3 
1
2 37 38 921592 9 4 10 7 1 8 11 5 12 3 
1
3 38 44 769987 9 11 4 8 2 12 7 9 6 1 
1
5 39 43 105605 9 4 9 6 1 8 12 11 7 10 
1
11 40 43 2989141 9 2 3 7 6 4 12 10 9 5 
1
12 41 43 630023 9 1 9 6 10 8 3 4 2 11 
1
11 42 43 570102 9 10 9 5 4 1 12 2 3 8 
1
12 43 44 262965 9 2 1 9 10 7 6 8 11 5 
1
1 44 47 866676 9 11 3 2 8 10 4 6 12 5 
0
2
5 46 57 2430118 9 12 4 8 10 9 6 11 3 7 
10 46 52 3030708 9 12 7 4 5 2 9 8 6 11 
1
1 47 55 2448873 9 4 11 9 10 6 12 7 5 8 
0
2
7 49 50 1952466 9 11 10 1 2 5 4 12 9 3 
1 49 58 150828 9 10 6 8 4 3 11 2 7 9 
1
5 50 51 130045 9 1 9 2 6 7 11 10 4 3 
1
6 51 59 2024490 9 10 4 8 12 1 7 9 3 5 
1
11 52 58 1798253 9 12 3 6 9 10 8 5 1 2 
0
1
6 54 57 1014448 9 7 11 10 3 12 1 2 4 9 
1
10 55 57 121406 9 11 2 1 4 9 6 12 5 7 
2
3 56 58 1244243 9 7 9 10 2 4 6 5 8 1 
10 56 58 226393 9 5 8 11 7 12 6 4 2 1 
0
2
10 58 59 233561 9 6 8 9 7 11 3 12 5 4 
7 58 59 588209 9 9 2 8 5 1 11 4 12 6 
0
