1 0 100.00% 4.544452
2 0 100.00% 7.078677
2 1 66.67% 31.678911
2 2 50.00% 6.711582
2 3 40.00% 3.455960
2 4 33.33% 10.102194
3 4 42.86% 5.324074
4 4 50.00% 11.392599
4 5 44.44% 10.733291
4 6 40.00% 9.104154
5 6 45.45% 7.436647
5 7 41.67% 24.170110
6 7 46.15% 7.615378
7 7 50.00% 16.680095
8 7 53.33% 3.020329
8 8 50.00% 4.395914
8 9 47.06% 6.283743
8 10 44.44% 3.155913
8 11 42.11% 2.902662
9 11 45.00% 11.772527
9 12 42.86% 3.038352
9 13 40.91% 13.325466
10 13 43.48% 5.777231
11 13 45.83% 22.753706
11 14 44.00% 5.821991
11 15 42.31% 15.972019
11 16 40.74% 13.017784
11 17 39.29% 10.338664
12 17 41.38% 4.800991
13 17 43.33% 5.773646
13 18 41.94% 7.230722
13 19 40.62% 7.172028
13 20 39.39% 10.026148
14 20 41.18% 5.850229
14 21 40.00% 2.912068
15 21 41.67% 4.596879
16 21 43.24% 3.316007
17 21 44.74% 3.368567
18 21 46.15% 1.563338
18 22 45.00% 1.532152
