0
2
1 1 4 4163 2 8 6 
7 1 27 25409 2 9 10 
1
1 2 4 3380 2 9 11 
1
6 3 18 27646 2 5 9 
1
5 4 24 95900 2 8 3 
0
0
0
3
7 8 25 22473 2 4 9 
11 8 16 13952 2 4 8 
2 8 10 28547 2 12 5 
2
6 9 30 3429 2 10 9 
1 9 19 580 2 3 2 
1
8 10 11 769 2 3 4 
1
10 11 14 5602 2 7 8 
1
9 12 24 53210 2 1 11 
1
11 13 24 25302 2 1 10 
1
4 14 20 7217 2 11 10 
1
9 15 21 2174 2 11 7 
0
2
9 17 26 17494 2 2 6 
3 17 30 42378 2 6 8 
1
9 18 31 7403 2 6 8 
1
3 19 21 12093 2 10 11 
0
2
9 21 31 23221 2 8 7 
12 21 24 2674 2 3 1 
1
9 22 32 41383 2 11 8 
0
1
1 24 28 10662 2 10 8 
1
10 25 30 14024 2 8 12 
1
7 26 37 51156 2 4 2 
1
12 27 32 3103 2 4 5 
1
6 28 29 7504 2 10 4 
0
3
7 30 35 6724 2 8 10 
3 30 35 6715 2 12 4 
1 30 32 3865 2 5 8 
1
4 31 33 3882 2 12 3 
1
5 32 36 6204 2 3 8 
1
8 33 38 1185 2 5 9 
1
6 34 37 1107 2 11 1 
1
5 35 39 42777 2 1 4 
1
8 36 38 3297 2 7 6 
1
2 37 39 2310 2 4 9 
1
1 38 39 1389 2 12 9 
1
7 39 39 828 2 3 12 
