0 1 0.00% 0.151385
0 2 0.00% 0.073014
1 2 33.33% 0.026414
2 2 50.00% 0.026628
2 3 40.00% 0.178269
3 3 50.00% 0.067980
4 3 57.14% 0.070536
4 4 50.00% 0.046688
5 4 55.56% 0.116848
6 4 60.00% 0.087881
7 4 63.64% 0.051148
7 5 58.33% 0.302741
7 6 53.85% 0.061525
8 6 57.14% 0.064180
9 6 60.00% 0.139813
9 7 56.25% 0.080716
9 8 52.94% 0.059907
10 8 55.56% 0.080939
11 8 57.89% 0.047703
12 8 60.00% 0.116820
13 8 61.90% 0.030890
14 8 63.64% 0.035755
15 8 65.22% 0.036062
16 8 66.67% 0.063872
16 9 64.00% 0.031312
17 9 65.38% 0.130368
18 9 66.67% 0.070677
19 9 67.86% 0.039051
19 10 65.52% 0.086995
19 11 63.33% 0.072029
19 12 61.29% 0.030223
20 12 62.50% 0.028925
20 13 60.61% 0.044030
20 14 58.82% 0.042655
21 14 60.00% 0.026694
