1
6 0 10 56030 2 1 5 
1
11 1 5 12931 2 10 9 
1
5 2 4 1210 2 9 3 
1
3 3 20 3299 2 4 8 
0
1
1 5 17 49197 2 8 11 
0
2
9 7 16 13605 2 3 7 
2 7 18 13894 2 5 1 
2
8 8 10 11574 2 10 11 
11 8 29 12773 2 6 10 
1
6 9 17 17009 2 12 8 
1
8 10 12 5904 2 12 3 
1
10 11 33 64689 2 9 11 
1
5 12 16 21216 2 7 11 
0
2
6 14 19 9160 2 8 4 
6 14 28 15013 2 2 5 
1
2 15 19 19512 2 3 9 
1
4 16 19 11347 2 9 11 
0
1
4 18 23 13045 2 8 2 
0
1
10 20 23 3617 2 4 11 
3
4 21 28 13710 2 1 12 
8 21 26 2610 2 11 7 
10 21 24 3690 2 3 9 
0
0
1
12 24 32 1836 2 5 2 
2
9 25 34 9330 2 7 11 
4 25 27 6127 2 6 7 
2
5 26 35 36311 2 7 2 
8 26 30 2050 2 12 6 
0
2
9 28 29 802 2 10 7 
10 28 33 18610 2 5 9 
1
6 29 33 23727 2 1 5 
1
10 30 31 5791 2 12 2 
1
7 31 35 2804 2 10 5 
0
2
10 33 35 12815 2 6 5 
10 33 35 13367 2 6 8 
0
1
9 35 35 379 2 11 6 
