1 0 100.00% 4.002808
2 0 100.00% 6.396198
2 1 66.67% 4.938220
2 2 50.00% 2.772614
2 3 40.00% 6.515500
2 4 33.33% 3.002909
2 5 28.57% 3.672850
2 6 25.00% 11.463070
2 7 22.22% 4.574246
2 8 20.00% 5.628377
2 9 18.18% 13.334027
2 10 16.67% 5.506796
2 11 15.38% 8.713743
2 12 14.29% 7.779235
2 13 13.33% 1.853053
2 14 12.50% 6.842272
3 14 17.65% 8.363578
4 14 22.22% 5.673545
5 14 26.32% 2.044184
6 14 30.00% 9.860723
6 15 28.57% 2.748377
6 16 27.27% 5.541632
6 17 26.09% 1.989783
6 18 25.00% 2.751675
6 19 24.00% 3.772694
6 20 23.08% 3.606224
7 20 25.93% 5.274335
7 21 25.00% 5.449806
7 22 24.14% 2.069962
7 23 23.33% 11.096930
7 24 22.58% 1.778766
7 25 21.88% 3.667235
7 26 21.21% 1.787711
7 27 20.59% 7.957397
7 28 20.00% 3.581804
7 29 19.44% 1.750993
7 30 18.92% 7.386370
7 31 18.42% 2.667189
8 31 20.51% 6.143751
8 32 20.00% 3.541074
9 32 21.95% 3.602725
9 33 21.43% 2.646472
9 34 20.93% 1.764574
9 35 20.45% 5.259200
9 36 20.00% 1.761949
10 36 21.74% 4.411253
10 37 21.28% 3.531291
10 38 20.83% 2.693250
10 39 20.41% 1.812821
10 40 20.00% 1.980293
10 41 19.61% 3.032343
11 41 21.15% 2.151646
11 42 20.75% 2.765899
12 42 22.22% 1.812660
12 43 21.82% 1.827527
13 43 23.21% 1.830108
13 44 22.81% 1.994382
13 45 22.41% 0.994231
13 46 22.03% 0.992598
13 47 21.67% 1.064174
