1 0 100.00% 12.976077
2 0 100.00% 20.627328
2 1 66.67% 16.182616
2 2 50.00% 9.018703
2 3 40.00% 21.139447
3 3 50.00% 9.319916
4 3 57.14% 9.373626
5 3 62.50% 39.246939
5 4 55.56% 16.570034
6 4 60.00% 17.214798
6 5 54.55% 53.174672
6 6 50.00% 17.009693
7 6 53.85% 29.304017
7 7 50.00% 24.725914
7 8 46.67% 6.351822
7 9 43.75% 22.432156
7 10 41.18% 28.485665
8 10 44.44% 19.870574
9 10 47.37% 6.218813
10 10 50.00% 31.608413
10 11 47.62% 9.479773
10 12 45.45% 15.704421
10 13 43.48% 7.067037
10 14 41.67% 8.938187
10 15 40.00% 11.974802
11 15 42.31% 12.252755
11 16 40.74% 17.985762
12 16 42.86% 15.132352
12 17 41.38% 6.003688
12 18 40.00% 31.483592
12 19 38.71% 6.002136
12 20 37.50% 13.291388
12 21 36.36% 5.906351
13 21 38.24% 26.723176
13 22 37.14% 11.785182
13 23 36.11% 5.853805
13 24 35.14% 23.438594
13 25 34.21% 8.711819
14 25 35.90% 20.700609
14 26 35.00% 11.627226
15 26 36.59% 12.172327
15 27 35.71% 8.853167
15 28 34.88% 5.842973
16 28 36.36% 17.271437
16 29 35.56% 5.831507
17 29 36.96% 14.522821
17 30 36.17% 11.650427
17 31 35.42% 8.990784
17 32 34.69% 5.960349
18 32 36.00% 5.965700
18 33 35.29% 9.392463
18 34 34.62% 6.237913
18 35 33.96% 9.112499
18 36 33.33% 5.947562
18 37 32.73% 5.915230
19 37 33.93% 5.949626
19 38 33.33% 5.951522
19 39 32.76% 3.226688
19 40 32.20% 3.274098
19 41 31.67% 3.115402
