1 0 100.00% 0.210259
2 0 100.00% 0.279364
2 1 66.67% 0.349117
2 2 50.00% 0.131532
2 3 40.00% 0.490554
3 3 50.00% 0.230503
4 3 57.14% 0.204154
5 3 62.50% 0.596797
5 4 55.56% 0.210754
5 5 50.00% 0.220343
5 6 45.45% 0.884105
5 7 41.67% 0.331738
6 7 46.15% 0.310754
6 8 42.86% 0.288764
6 9 40.00% 0.114291
6 10 37.50% 0.306496
6 11 35.29% 0.507488
7 11 38.89% 0.138549
8 11 42.11% 0.116995
9 11 45.00% 0.284961
9 12 42.86% 0.186434
9 13 40.91% 0.100015
9 14 39.13% 0.029709
9 15 37.50% 0.089842
10 15 40.00% 0.252647
11 15 42.31% 0.256555
12 15 44.44% 0.340479
12 16 42.86% 0.419118
12 17 41.38% 0.078606
13 17 43.33% 0.552646
13 18 41.94% 0.086682
13 19 40.62% 0.221365
13 20 39.39% 0.132631
14 20 41.18% 0.493574
14 21 40.00% 0.084385
14 22 38.89% 0.041270
14 23 37.84% 0.161155
14 24 36.84% 0.104915
14 25 35.90% 0.409283
14 26 35.00% 0.173922
14 27 34.15% 0.072190
14 28 33.33% 0.189142
14 29 32.56% 0.089243
15 29 34.09% 0.232826
15 30 33.33% 0.039250
16 30 34.78% 0.236317
16 31 34.04% 0.133426
16 32 33.33% 0.056457
16 33 32.65% 0.079649
16 34 32.00% 0.150372
16 35 31.37% 0.071885
16 36 30.77% 0.039773
16 37 30.19% 0.062255
16 38 29.63% 0.106173
16 39 29.09% 0.066648
16 40 28.57% 0.107139
16 41 28.07% 0.133611
17 41 29.31% 0.065662
17 42 28.81% 0.045325
18 42 30.00% 0.075267
