0 1 0.00% 1.079948
1 1 50.00% 1.187881
2 1 66.67% 0.376489
2 2 50.00% 0.931764
2 3 40.00% 1.285473
3 3 50.00% 1.056224
3 4 42.86% 1.243914
3 5 37.50% 0.757248
3 6 33.33% 0.138881
4 6 40.00% 0.260774
4 7 36.36% 0.091434
5 7 41.67% 1.285946
6 7 46.15% 0.266752
7 7 50.00% 0.602356
8 7 53.33% 0.947479
8 8 50.00% 0.776695
8 9 47.06% 0.527442
9 9 50.00% 0.377202
9 10 47.37% 0.549868
9 11 45.00% 1.687032
9 12 42.86% 0.779914
9 13 40.91% 0.101611
10 13 43.48% 0.965144
11 13 45.83% 0.548572
11 14 44.00% 2.050427
11 15 42.31% 0.176610
11 16 40.74% 1.180710
12 16 42.86% 0.410544
12 17 41.38% 0.300231
13 17 43.33% 0.925202
13 18 41.94% 0.092122
14 18 43.75% 0.174142
15 18 45.45% 0.832939
15 19 44.12% 0.153203
16 19 45.71% 0.153060
16 20 44.44% 0.887349
16 21 43.24% 1.102775
16 22 42.11% 0.076655
16 23 41.03% 0.052120
17 23 42.50% 0.451996
17 24 41.46% 0.050845
17 25 40.48% 0.111037
17 26 39.53% 0.194512
18 26 40.91% 0.297291
19 26 42.22% 0.186889
20 26 43.48% 0.278706
21 26 44.68% 0.223747
22 26 45.83% 0.158418
22 27 44.90% 0.119074
23 27 46.00% 0.343252
24 27 47.06% 0.280936
25 27 48.08% 0.190167
26 27 49.06% 0.222630
27 27 50.00% 0.230676
27 28 49.09% 0.035144
28 28 50.00% 0.188208
28 29 49.12% 0.059159
29 29 50.00% 0.152247
29 30 49.15% 0.094148
