1
3 0 18 57017 4 4 2 9 7 
0
2
11 2 23 35439 4 7 4 10 9 
4 2 8 8728 4 10 7 9 6 
0
1
11 4 30 102273 4 12 6 10 8 
1
4 5 42 220073 4 9 7 3 11 
2
7 6 43 30761 4 4 3 5 2 
11 6 40 118800 4 4 1 12 7 
0
2
5 8 22 22675 4 8 3 7 1 
8 8 15 30298 4 3 9 1 4 
0
1
5 10 16 4769 4 7 12 8 2 
1
3 11 12 6143 4 4 8 9 6 
1
11 12 44 29601 4 10 12 3 8 
1
3 13 15 4117 4 4 6 8 10 
2
5 14 21 376 4 3 8 12 2 
2 14 34 12291 4 4 6 12 5 
0
2
2 16 48 246176 4 8 5 6 7 
12 16 23 4305 4 4 11 3 6 
0
2
6 18 24 1254 4 5 8 11 2 
8 18 42 113122 4 2 12 5 9 
0
1
3 20 49 108837 4 12 8 7 4 
1
8 21 41 79512 4 3 6 10 2 
1
7 22 23 5468 4 8 2 4 9 
1
4 23 40 19193 4 5 11 8 12 
2
2 24 37 1047 4 11 8 9 10 
3 24 59 97066 4 4 12 9 7 
1
1 25 27 525 4 4 3 6 2 
0
0
2
3 28 58 155567 4 4 6 12 9 
9 28 41 4288 4 8 4 2 12 
2
7 29 33 6221 4 2 4 10 11 
8 29 48 28622 4 6 12 4 7 
0
2
12 31 32 2691 4 9 8 10 6 
9 31 40 1480 4 6 10 8 4 
1
1 32 49 16860 4 5 7 2 6 
1
11 33 35 10073 4 8 1 2 9 
1
10 34 35 2492 4 6 3 12 9 
0
0
2
1 37 51 25045 4 12 7 3 6 
12 37 56 22324 4 2 4 7 9 
1
11 38 39 3478 4 6 3 7 12 
1
6 39 41 9138 4 7 4 12 8 
1
3 40 52 5150 4 10 2 8 11 
2
6 41 43 27637 4 12 1 8 5 
10 41 45 23267 4 3 8 6 7 
1
2 42 49 31971 4 12 7 9 11 
1
5 43 48 5497 4 8 12 6 11 
0
1
12 45 57 2202 4 8 11 4 3 
2
3 46 53 3300 4 11 4 8 7 
3 46 55 1143 4 12 1 11 8 
1
6 47 50 1792 4 3 10 4 2 
1
11 48 53 46471 4 6 1 12 4 
0
2
11 50 54 7772 4 8 12 4 6 
6 50 54 5867 4 1 12 10 2 
0
1
4 52 54 3074 4 6 7 1 3 
0
3
10 54 56 3084 4 1 9 8 11 
1 54 57 5875 4 10 9 4 5 
1 54 55 1520 4 9 11 10 5 
0
2
11 56 58 3815 4 4 7 1 10 
10 56 58 5638 4 7 8 4 6 
0
2
7 58 59 3574 4 4 9 1 6 
6 58 59 5832 4 2 11 5 7 
0
