0 1 0.00% 0.513206
1 1 50.00% 0.870653
2 1 66.67% 1.012702
2 2 50.00% 0.127224
3 2 60.00% 2.162833
3 3 50.00% 0.239036
3 4 42.86% 0.245755
4 4 50.00% 0.798030
5 4 55.56% 0.716569
6 4 60.00% 0.523211
6 5 54.55% 0.208701
6 6 50.00% 0.177944
6 7 46.15% 0.789994
7 7 50.00% 0.322003
8 7 53.33% 0.455964
8 8 50.00% 0.323387
9 8 52.94% 0.229207
9 9 50.00% 0.388861
9 10 47.37% 0.071231
10 10 50.00% 0.211001
11 10 52.38% 1.165034
11 11 50.00% 0.401587
11 12 47.83% 0.620573
11 13 45.83% 0.795095
12 13 48.00% 0.879289
12 14 46.15% 0.411729
13 14 48.15% 0.797265
14 14 50.00% 0.294855
14 15 48.28% 0.152761
15 15 50.00% 0.309991
15 16 48.39% 0.161477
16 16 50.00% 0.366281
16 17 48.48% 0.090436
17 17 50.00% 0.250480
18 17 51.43% 0.228413
18 18 50.00% 0.079141
