1
9 0 6 32778 5 6 10 8 7 4 
0
1
9 2 10 18341 5 5 12 6 2 4 
2
3 3 30 11905 5 11 9 4 2 8 
6 3 8 21090 5 9 2 11 12 5 
1
12 4 32 28243 5 9 6 3 1 5 
1
8 5 14 50313 5 5 12 7 6 2 
1
5 6 16 47744 5 3 8 9 11 6 
1
6 7 32 9700 5 8 5 11 2 4 
0
1
3 9 33 4732 5 8 9 11 1 12 
2
10 10 19 2664 5 3 5 6 2 8 
12 10 18 38715 5 7 4 3 5 8 
0
1
8 12 14 2901 5 9 3 11 10 1 
1
5 13 29 54493 5 1 6 3 2 7 
2
3 14 17 1670 5 11 5 1 12 2 
3 14 25 432 5 5 9 11 4 8 
0
1
11 16 21 5455 5 4 12 10 8 6 
0
2
3 18 20 2942 5 4 6 11 1 7 
3 18 21 5170 5 2 7 11 10 12 
1
9 19 21 32586 5 7 3 5 4 10 
2
1 20 21 1552 5 7 11 2 6 10 
1 20 33 19077 5 10 12 8 3 4 
0
1
4 22 26 5210 5 10 9 3 5 1 
2
2 23 28 528 5 1 9 11 12 4 
10 23 33 12701 5 6 11 7 12 8 
0
1
11 25 33 5078 5 6 10 7 4 1 
2
5 26 29 2374 5 4 6 1 11 12 
6 26 35 8296 5 9 2 3 12 5 
1
4 27 30 1209 5 6 8 2 1 7 
0
0
1
11 30 31 1683 5 4 12 6 5 3 
2
9 31 33 2184 5 3 5 8 2 6 
1 31 32 3654 5 5 12 2 7 11 
2
11 32 34 2842 5 3 1 6 5 7 
8 32 33 8416 5 4 2 12 9 5 
1
5 33 34 698 5 3 7 6 2 9 
1
10 34 35 708 5 6 8 12 9 1 
1
7 35 35 2345 5 10 2 5 8 11 
