1 0 100.00% 0.249534
1 1 50.00% 0.097462
1 2 33.33% 0.247932
2 2 50.00% 0.324756
3 2 60.00% 2.021310
3 3 50.00% 0.329427
3 4 42.86% 0.040590
3 5 37.50% 0.413170
3 6 33.33% 0.936698
3 7 30.00% 0.303798
3 8 27.27% 0.112823
4 8 33.33% 0.448561
4 9 30.77% 0.136730
4 10 28.57% 0.130159
5 10 33.33% 0.295060
5 11 31.25% 0.769513
5 12 29.41% 0.092047
5 13 27.78% 0.236117
5 14 26.32% 0.379346
6 14 30.00% 0.411288
6 15 28.57% 0.625926
7 15 31.82% 0.737342
8 15 34.78% 1.142234
8 16 33.33% 0.156636
8 17 32.00% 0.350192
9 17 34.62% 1.655865
9 18 33.33% 0.198905
9 19 32.14% 0.141763
9 20 31.03% 0.089026
9 21 30.00% 0.186686
10 21 32.26% 0.481694
10 22 31.25% 0.766297
10 23 30.30% 0.354576
10 24 29.41% 0.929341
11 24 31.43% 0.708904
11 25 30.56% 0.371255
11 26 29.73% 0.078292
12 26 31.58% 0.566242
12 27 30.77% 0.891215
13 27 32.50% 0.655653
13 28 31.71% 0.345618
13 29 30.95% 0.122626
13 30 30.23% 0.069345
14 30 31.82% 0.258739
14 31 31.11% 0.723081
15 31 32.61% 0.412040
15 32 31.91% 0.169773
15 33 31.25% 0.099111
16 33 32.65% 0.285859
16 34 32.00% 0.078747
17 34 33.33% 0.283305
18 34 34.62% 0.331799
19 34 35.85% 0.159110
20 34 37.04% 0.393814
21 34 38.18% 0.290973
22 34 39.29% 0.253560
22 35 38.60% 0.131930
22 36 37.93% 0.123963
22 37 37.29% 0.043045
