1 0 100.00% 0.113410
1 1 50.00% 0.501047
2 1 66.67% 0.114779
3 1 75.00% 0.115745
4 1 80.00% 1.160737
5 1 83.33% 0.286708
6 1 85.71% 0.254139
6 2 75.00% 0.693216
7 2 77.78% 1.143721
7 3 70.00% 0.313846
7 4 63.64% 0.263435
8 4 66.67% 0.956724
8 5 61.54% 0.736436
9 5 64.29% 0.910412
9 6 60.00% 0.096913
9 7 56.25% 0.259261
9 8 52.94% 0.046389
9 9 50.00% 0.781655
10 9 52.63% 0.566280
10 10 50.00% 0.617225
11 10 52.38% 0.473107
12 10 54.55% 0.144961
12 11 52.17% 0.095081
12 12 50.00% 0.206087
13 12 52.00% 0.249680
13 13 50.00% 0.327467
13 14 48.15% 0.270776
13 15 46.43% 0.465003
14 15 48.28% 0.314691
15 15 50.00% 0.221467
16 15 51.61% 0.126446
16 16 50.00% 0.086783
17 16 51.52% 0.115869
17 17 50.00% 0.154337
17 18 48.57% 0.099413
