1
4 0 1 1434 4 5 2 7 12 
1
3 1 11 29631 4 5 10 9 12 
1
9 2 21 570 4 12 7 5 1 
1
9 3 5 348 4 1 3 5 11 
0
2
6 5 31 48780 4 8 4 10 12 
11 5 13 4681 4 7 10 8 1 
1
3 6 29 3943 4 8 2 12 9 
0
2
2 8 20 13321 4 11 12 9 4 
6 8 33 20118 4 3 12 4 8 
1
5 9 14 391 4 11 4 12 2 
1
9 10 17 19325 4 3 5 4 11 
0
0
1
12 13 31 13655 4 8 6 1 5 
2
6 14 29 21969 4 7 12 5 8 
9 14 31 8254 4 10 8 7 6 
0
3
7 16 18 3083 4 4 6 2 12 
3 16 20 1011 4 9 2 1 12 
6 16 18 4919 4 8 1 11 10 
1
6 17 34 47673 4 1 4 10 5 
1
8 18 31 999 4 11 3 4 7 
0
1
2 20 33 18771 4 10 7 9 11 
2
6 21 30 4841 4 10 11 7 5 
5 21 24 1311 4 4 9 2 3 
1
12 22 26 26539 4 5 11 8 7 
0
1
4 24 28 3712 4 7 12 8 3 
2
12 25 30 1225 4 10 4 3 2 
3 25 33 24462 4 7 11 1 10 
1
3 26 30 5347 4 5 6 1 8 
1
8 27 35 16552 4 10 2 9 3 
1
12 28 33 5058 4 5 1 2 6 
1
5 29 35 2475 4 12 1 9 4 
0
0
3
3 32 34 202 4 11 10 9 12 
10 32 35 32002 4 9 12 4 11 
6 32 34 462 4 4 9 5 12 
1
9 33 35 11983 4 10 1 12 7 
1
7 34 35 5587 4 1 3 6 5 
0
