1 1 0 100.00% 58.169686
2 2 0 100.00% 61.107245
3 3 0 100.00% 32.300547
4 3 1 75.00% 15.791970
5 4 1 80.00% 198.410310
6 5 1 83.33% 10.623071
7 6 1 85.71% 6.686191
8 7 1 87.50% 166.308758
9 8 1 88.89% 414.759634
10 8 2 80.00% 24.119904
11 9 2 81.82% 78.729540
12 9 3 75.00% 46.374065
13 9 4 69.23% 160.660747
14 9 5 64.29% 127.145307
15 9 6 60.00% 23.366511
16 9 7 56.25% 53.851967
17 9 8 52.94% 191.092031
18 9 9 50.00% 539.108443
19 9 10 47.37% 167.638386
20 9 11 45.00% 39.177423
21 9 12 42.86% 18.652951
22 9 13 40.91% 12.580140
23 9 14 39.13% 44.769467
24 9 15 37.50% 119.902575
25 9 16 36.00% 31.158163
26 10 16 38.46% 427.548373
27 10 17 37.04% 28.655309
28 10 18 35.71% 23.651165
29 10 19 34.48% 39.648062
30 10 20 33.33% 29.490221
31 10 21 32.26% 35.742884
32 10 22 31.25% 123.129859
33 10 23 30.30% 130.002382
34 10 24 29.41% 23.257319
35 10 25 28.57% 39.658576
36 10 26 27.78% 254.116588
37 10 27 27.03% 40.802264
38 10 28 26.32% 84.147423
39 10 29 25.64% 23.651229
40 10 30 25.00% 15.808163
41 10 31 24.39% 91.490157
42 10 32 23.81% 15.723115
43 10 33 23.26% 14.867741
44 10 34 22.73% 156.240771
45 10 35 22.22% 8.135231
46 10 36 21.74% 25.920753
47 10 37 21.28% 7.900902
48 10 38 20.83% 31.681433
49 10 39 20.41% 9.453796
50 10 40 20.00% 46.070380
51 10 41 19.61% 113.923225
52 10 42 19.23% 31.563486
53 10 43 18.87% 10.683656
54 10 44 18.52% 4.080127
55 10 45 18.18% 7.457010
56 10 46 17.86% 18.424366
57 10 47 17.54% 115.558720
58 10 48 17.24% 15.805811
59 10 49 16.95% 22.132050
60 10 50 16.67% 51.271447
61 11 50 18.03% 40.025718
62 11 51 17.74% 24.309401
63 11 52 17.46% 221.310796
64 11 53 17.19% 104.128365
65 11 54 16.92% 14.958460
66 11 55 16.67% 3.961520
67 11 56 16.42% 58.156746
68 11 57 16.18% 31.299081
69 11 58 15.94% 401.113952
70 11 59 15.71% 22.871045
71 11 60 15.49% 7.253416
72 11 61 15.28% 231.259660
73 11 62 15.07% 15.353621
74 11 63 14.86% 175.727357
75 11 64 14.67% 108.380184
76 12 64 15.79% 29.091325
77 13 64 16.88% 18.645692
78 13 65 16.67% 142.643608
79 13 66 16.46% 22.319825
80 13 67 16.25% 7.404076
81 13 68 16.05% 17.450346
82 13 69 15.85% 10.949336
83 13 70 15.66% 44.198540
84 13 71 15.48% 17.462092
85 13 72 15.29% 2.714340
86 13 73 15.12% 70.438332
87 13 74 14.94% 47.745292
88 13 75 14.77% 101.125154
89 13 76 14.61% 129.394586
90 14 76 15.56% 85.788762
91 14 77 15.38% 15.867544
92 14 78 15.22% 13.487976
93 14 79 15.05% 353.668259
94 14 80 14.89% 240.452956
95 14 81 14.74% 32.569647
96 14 82 14.58% 18.736242
97 15 82 15.46% 37.148485
98 15 83 15.31% 70.040408
99 15 84 15.15% 22.677388
100 15 85 15.00% 9.534440
101 15 86 14.85% 29.262673
102 15 87 14.71% 145.336227
103 16 87 15.53% 21.709145
104 16 88 15.38% 101.066995
105 16 89 15.24% 18.029584
106 16 90 15.09% 39.171064
107 16 91 14.95% 213.873111
108 16 92 14.81% 7.428353
109 16 93 14.68% 58.028248
110 16 94 14.55% 43.871553
111 16 95 14.41% 7.433844
112 16 96 14.29% 13.456418
113 16 97 14.16% 22.535497
114 16 98 14.04% 19.907499
115 17 98 14.78% 115.794435
116 17 99 14.66% 6.790391
117 18 99 15.38% 171.584918
118 18 100 15.25% 61.537490
119 18 101 15.13% 15.146623
120 18 102 15.00% 86.844657
121 19 102 15.70% 270.276305
122 19 103 15.57% 18.564845
123 19 104 15.45% 8.162570
124 19 105 15.32% 60.965222
125 19 106 15.20% 9.541269
126 19 107 15.08% 115.741141
127 19 108 14.96% 100.594556
128 19 109 14.84% 54.244106
129 19 110 14.73% 51.253309
130 19 111 14.62% 59.633087
131 19 112 14.50% 58.413409
132 19 113 14.39% 51.539570
133 19 114 14.29% 132.119954
134 19 115 14.18% 22.361387
135 20 115 14.81% 87.226244
136 21 115 15.44% 14.830985
137 22 115 16.06% 230.033602
138 22 116 15.94% 86.274105
139 23 116 16.55% 61.784849
140 23 117 16.43% 29.274930
141 24 117 17.02% 10.948299
142 25 117 17.61% 15.772878
143 25 118 17.48% 72.279211
144 26 118 18.06% 172.486693
145 27 118 18.62% 6.820683
146 28 118 19.18% 41.173118
147 28 119 19.05% 232.015586
148 28 120 18.92% 29.272021
149 29 120 19.46% 11.742263
150 30 120 20.00% 43.263596
151 31 120 20.53% 18.576741
152 31 121 20.39% 14.934172
153 31 122 20.26% 22.971381
154 32 122 20.78% 8.048079
155 32 123 20.65% 5.410551
156 32 124 20.51% 11.123990
157 33 124 21.02% 154.158673
158 33 125 20.89% 39.578337
159 34 125 21.38% 25.236423
160 35 125 21.88% 270.321611
161 36 125 22.36% 211.159291
162 37 125 22.84% 12.249379
163 38 125 23.31% 16.250498
164 38 126 23.17% 64.649407
165 39 126 23.64% 64.168539
166 39 127 23.49% 8.099530
167 39 128 23.35% 39.425855
168 39 129 23.21% 99.692937
169 39 130 23.08% 540.604619
170 39 131 22.94% 51.094757
171 39 132 22.81% 6.763756
172 39 133 22.67% 29.277156
173 39 134 22.54% 2.679007
174 39 135 22.41% 35.634206
175 39 136 22.29% 40.560752
176 40 136 22.73% 2.691990
177 40 137 22.60% 40.793745
178 40 138 22.47% 4.046131
179 41 138 22.91% 28.341685
180 41 139 22.78% 114.511940
181 41 140 22.65% 63.519797
182 41 141 22.53% 86.352502
183 41 142 22.40% 438.871784
184 42 142 22.83% 61.201539
185 42 143 22.70% 99.573339
186 42 144 22.58% 153.462996
187 43 144 22.99% 7.964379
188 44 144 23.40% 5.386134
189 44 145 23.28% 4.026729
190 44 146 23.16% 72.813476
191 44 147 23.04% 222.833518
192 44 148 22.92% 13.571026
193 45 148 23.32% 10.840085
194 46 148 23.71% 29.627371
195 47 148 24.10% 11.148764
196 47 149 23.98% 54.541309
197 47 150 23.86% 25.966118
198 48 150 24.24% 7.442685
199 48 151 24.12% 153.134834
200 49 151 24.50% 5.435272
201 49 152 24.38% 173.347864
202 50 152 24.75% 12.194513
203 50 153 24.63% 90.762092
204 51 153 25.00% 10.805303
205 51 154 24.88% 11.145748
206 52 154 25.24% 6.807067
207 52 155 25.12% 16.275591
208 52 156 25.00% 2.722735
209 52 157 24.88% 15.769406
210 52 158 24.76% 7.142478
211 53 158 25.12% 6.587745
212 53 159 25.00% 39.176790
213 53 160 24.88% 115.299189
214 54 160 25.23% 40.620339
215 54 161 25.12% 16.033880
216 55 161 25.46% 61.350801
217 56 161 25.81% 43.834297
218 56 162 25.69% 439.979036
219 56 163 25.57% 14.686691
220 56 164 25.45% 32.718678
221 56 165 25.34% 185.277267
222 56 166 25.23% 15.774585
223 56 167 25.11% 13.599716
224 56 168 25.00% 62.618960
225 56 169 24.89% 44.206071
226 56 170 24.78% 172.886849
227 56 171 24.67% 86.022441
228 56 172 24.56% 30.582841
229 56 173 24.45% 68.430400
230 56 174 24.35% 57.217706
231 56 175 24.24% 214.755210
232 56 176 24.14% 31.820542
233 57 176 24.46% 14.981598
234 57 177 24.36% 101.354647
235 57 178 24.26% 5.428626
236 57 179 24.15% 214.652289
237 58 179 24.47% 4.090756
238 58 180 24.37% 103.353148
239 58 181 24.27% 4.235061
240 58 182 24.17% 302.447775
241 58 183 24.07% 153.940406
242 58 184 23.97% 29.196218
243 58 185 23.87% 153.926615
244 58 186 23.77% 7.447082
245 59 186 24.08% 31.582432
246 59 187 23.98% 33.500257
247 59 188 23.89% 4.074492
248 59 189 23.79% 18.093492
249 59 190 23.69% 23.502157
250 59 191 23.60% 146.459956
251 59 192 23.51% 131.914637
252 59 193 23.41% 16.242411
253 59 194 23.32% 199.847939
254 59 195 23.23% 199.546416
255 59 196 23.14% 399.855218
256 60 196 23.44% 72.436698
257 60 197 23.35% 53.913523
258 61 197 23.64% 18.538578
259 62 197 23.94% 7.428865
260 62 198 23.85% 326.547401
261 62 199 23.75% 12.133138
262 62 200 23.66% 55.016190
263 62 201 23.57% 9.238030
264 62 202 23.48% 39.841739
265 62 203 23.40% 78.292666
266 62 204 23.31% 54.986845
267 62 205 23.22% 12.190994
268 62 206 23.13% 156.725834
269 62 207 23.05% 139.102318
270 63 207 23.33% 31.319349
271 63 208 23.25% 14.869863
272 63 209 23.16% 18.097776
273 63 210 23.08% 29.175527
274 63 211 22.99% 107.828506
275 63 212 22.91% 116.680492
276 63 213 22.83% 58.058240
277 64 213 23.10% 6.769035
278 64 214 23.02% 170.749759
279 65 214 23.30% 7.394708
280 65 215 23.21% 70.948808
281 65 216 23.13% 6.790013
282 65 217 23.05% 170.838458
283 65 218 22.97% 65.457402
284 65 219 22.89% 5.372744
285 65 220 22.81% 113.601696
286 66 220 23.08% 22.277967
287 66 221 23.00% 143.924272
288 67 221 23.26% 102.426806
289 67 222 23.18% 175.528576
290 67 223 23.10% 7.446292
291 67 224 23.02% 10.819733
292 67 225 22.95% 14.916218
293 68 225 23.21% 31.001192
294 69 225 23.47% 7.387456
295 69 226 23.39% 29.103000
296 69 227 23.31% 15.716031
297 69 228 23.23% 253.707405
298 69 229 23.15% 11.082849
299 69 230 23.08% 212.623308
300 69 231 23.00% 142.601206
301 69 232 22.92% 62.092281
302 69 233 22.85% 10.838780
303 70 233 23.10% 73.185664
304 70 234 23.03% 254.272519
305 70 235 22.95% 56.883649
306 70 236 22.88% 58.528567
307 70 237 22.80% 245.006783
308 70 238 22.73% 62.967930
309 70 239 22.65% 9.479220
310 70 240 22.58% 142.481537
311 70 241 22.51% 61.425460
312 70 242 22.44% 342.397158
313 70 243 22.36% 16.251615
314 70 244 22.29% 23.564840
315 70 245 22.22% 55.239558
316 70 246 22.15% 31.988529
317 70 247 22.08% 23.541749
318 70 248 22.01% 38.990137
319 70 249 21.94% 145.633905
320 70 250 21.88% 71.305450
321 70 251 21.81% 39.351615
322 70 252 21.74% 129.751913
323 70 253 21.67% 98.990590
324 70 254 21.60% 261.150203
325 70 255 21.54% 10.760474
326 70 256 21.47% 191.106308
327 70 257 21.41% 22.969633
328 70 258 21.34% 42.609753
329 70 259 21.28% 38.255374
330 70 260 21.21% 85.881140
331 70 261 21.15% 20.220981
332 70 262 21.08% 229.733681
333 70 263 21.02% 18.481703
334 70 264 20.96% 256.669973
335 70 265 20.90% 87.585242
336 70 266 20.83% 414.767959
337 70 267 20.77% 31.233935
338 70 268 20.71% 6.768162
339 70 269 20.65% 384.117814
340 70 270 20.59% 18.619497
341 70 271 20.53% 108.569722
342 70 272 20.47% 11.145252
343 70 273 20.41% 39.365432
344 70 274 20.35% 15.816219
345 70 275 20.29% 156.631094
346 70 276 20.23% 70.887584
347 70 277 20.17% 40.051179
348 70 278 20.11% 21.427654
349 70 279 20.06% 57.783495
350 70 280 20.00% 94.314650
351 70 281 19.94% 86.573045
352 70 282 19.89% 10.868611
353 70 283 19.83% 226.624810
354 70 284 19.77% 184.591437
355 70 285 19.72% 273.835206
356 70 286 19.66% 100.551342
357 70 287 19.61% 41.003615
358 70 288 19.55% 54.395042
359 70 289 19.50% 15.709726
360 70 290 19.44% 54.976224
361 70 291 19.39% 154.819007
362 70 292 19.34% 31.624885
363 70 293 19.28% 63.097876
364 70 294 19.23% 30.767930
365 70 295 19.18% 23.473779
366 70 296 19.13% 27.323554
367 70 297 19.07% 11.679174
368 70 298 19.02% 27.373165
369 70 299 18.97% 19.153467
370 70 300 18.92% 178.648060
371 70 301 18.87% 91.927808
372 70 302 18.82% 893.571208
373 70 303 18.77% 8.609363
374 70 304 18.72% 80.187898
375 70 305 18.67% 162.723184
376 70 306 18.62% 71.449010
377 70 307 18.57% 64.383288
378 70 308 18.52% 20.949221
379 70 309 18.47% 13.900959
380 70 310 18.42% 9.964586
381 70 311 18.37% 56.934230
382 70 312 18.32% 86.634528
383 70 313 18.28% 5.719262
384 70 314 18.23% 250.501603
385 70 315 18.18% 44.881670
386 70 316 18.13% 50.455743
387 70 317 18.09% 31.042684
388 70 318 18.04% 24.650361
389 70 319 17.99% 55.826909
390 70 320 17.95% 40.022398
391 70 321 17.90% 279.129980
392 70 322 17.86% 80.823839
393 70 323 17.81% 5.685974
394 71 323 18.02% 11.713923
395 71 324 17.97% 26.523072
396 71 325 17.93% 32.861837
397 71 326 17.88% 26.606640
398 71 327 17.84% 16.474470
399 71 328 17.79% 12.419760
400 71 329 17.75% 29.919424
401 71 330 17.71% 529.782167
402 71 331 17.66% 45.849193
403 71 332 17.62% 91.153277
404 71 333 17.57% 7.115557
405 71 334 17.53% 308.107251
406 71 335 17.49% 42.115674
407 71 336 17.44% 71.818491
408 71 337 17.40% 16.395117
409 71 338 17.36% 26.531988
410 71 339 17.32% 41.928876
411 71 340 17.27% 73.437804
412 71 341 17.23% 161.989469
413 71 342 17.19% 117.090781
414 71 343 17.15% 12.739430
415 71 344 17.11% 11.173779
416 71 345 17.07% 28.713093
417 71 346 17.03% 71.923249
418 71 347 16.99% 26.372461
419 71 348 16.95% 30.001885
420 71 349 16.90% 103.481334
421 71 350 16.86% 74.122051
422 71 351 16.82% 7.770626
423 71 352 16.78% 86.141783
424 71 353 16.75% 55.177340
425 71 354 16.71% 11.353922
426 71 355 16.67% 18.449299
427 71 356 16.63% 79.504646
428 71 357 16.59% 136.759671
429 71 358 16.55% 96.725957
430 71 359 16.51% 142.514982
431 71 360 16.47% 24.598480
432 71 361 16.44% 74.022932
433 71 362 16.40% 23.700204
434 71 363 16.36% 95.331453
435 71 364 16.32% 156.129288
436 71 365 16.28% 559.510119
437 71 366 16.25% 84.270617
438 71 367 16.21% 118.342694
439 71 368 16.17% 49.049641
440 71 369 16.14% 23.324251
441 71 370 16.10% 87.022661
442 71 371 16.06% 42.514240
443 71 372 16.03% 23.256544
444 72 372 16.22% 11.691337
445 72 373 16.18% 15.540102
446 72 374 16.14% 102.913747
447 72 375 16.11% 34.747666
448 72 376 16.07% 11.386981
449 72 377 16.04% 31.159669
450 72 378 16.00% 219.942430
451 72 379 15.96% 111.747794
452 72 380 15.93% 221.418948
453 73 380 16.11% 61.493194
454 74 380 16.30% 28.875544
455 75 380 16.48% 48.349848
456 76 380 16.67% 23.537929
457 76 381 16.63% 45.002830
458 77 381 16.81% 21.256941
459 78 381 16.99% 67.189659
460 79 381 17.17% 7.115588
461 80 381 17.35% 113.123213
462 81 381 17.53% 68.260286
463 81 382 17.49% 88.917895
464 82 382 17.67% 74.647056
465 82 383 17.63% 19.025885
466 82 384 17.60% 45.358415
467 83 384 17.77% 90.297383
468 83 385 17.74% 207.313370
469 83 386 17.70% 23.462994
470 83 387 17.66% 39.992365
471 83 388 17.62% 90.080796
472 83 389 17.58% 119.211916
473 83 390 17.55% 57.545891
474 83 391 17.51% 352.247009
475 83 392 17.47% 142.993498
476 83 393 17.44% 111.703717
477 83 394 17.40% 10.002983
478 83 395 17.36% 19.171954
479 83 396 17.33% 15.284456
480 84 396 17.50% 16.113872
481 84 397 17.46% 9.689332
482 84 398 17.43% 46.006937
483 84 399 17.39% 193.733816
484 84 400 17.36% 30.510862
485 84 401 17.32% 397.275714
486 84 402 17.28% 15.087732
487 84 403 17.25% 32.464192
488 84 404 17.21% 354.143699
489 84 405 17.18% 12.861029
490 84 406 17.14% 84.232552
491 84 407 17.11% 15.683978
492 84 408 17.07% 24.462484
493 84 409 17.04% 24.733391
494 84 410 17.00% 103.488886
495 84 411 16.97% 38.461724
496 84 412 16.94% 148.351452
497 84 413 16.90% 7.119195
498 84 414 16.87% 32.229448
499 84 415 16.83% 41.900527
500 84 416 16.80% 128.167399
501 84 417 16.77% 71.934118
502 84 418 16.73% 57.912980
503 84 419 16.70% 34.103459
504 84 420 16.67% 32.187997
505 84 421 16.63% 399.213024
506 84 422 16.60% 118.864037
507 84 423 16.57% 16.496171
508 84 424 16.54% 223.452088
509 84 425 16.50% 34.821305
510 84 426 16.47% 280.773427
511 84 427 16.44% 18.194007
512 84 428 16.41% 64.644370
513 84 429 16.37% 32.862705
514 84 430 16.34% 80.052265
515 84 431 16.31% 4.305159
516 84 432 16.28% 296.623653
517 84 433 16.25% 30.863764
518 84 434 16.22% 104.506769
519 84 435 16.18% 32.117434
520 84 436 16.15% 183.610551
521 84 437 16.12% 124.277635
522 84 438 16.09% 280.912569
523 84 439 16.06% 179.734526
524 84 440 16.03% 38.183304
525 84 441 16.00% 230.606573
526 84 442 15.97% 38.020774
527 84 443 15.94% 8.498159
528 84 444 15.91% 55.574396
529 84 445 15.88% 2.830118
530 84 446 15.85% 23.992020
531 84 447 15.82% 24.591749
532 84 448 15.79% 26.796230
533 84 449 15.76% 16.728955
534 84 450 15.73% 24.649845
535 84 451 15.70% 117.495161
536 84 452 15.67% 29.795151
537 84 453 15.64% 103.335968
538 84 454 15.61% 9.999904
539 84 455 15.58% 8.492723
540 84 456 15.56% 247.438645
541 84 457 15.53% 161.670799
542 84 458 15.50% 80.954091
543 84 459 15.47% 16.404497
544 84 460 15.44% 265.050938
545 84 461 15.41% 9.934807
546 84 462 15.38% 11.425766
547 84 463 15.36% 60.994883
548 84 464 15.33% 367.257735
549 84 465 15.30% 163.815346
550 84 466 15.27% 102.664001
551 84 467 15.25% 14.098042
552 84 468 15.22% 25.993485
553 84 469 15.19% 41.389982
554 84 470 15.16% 29.575684
555 84 471 15.14% 8.338281
556 84 472 15.11% 71.913384
557 84 473 15.08% 48.056854
558 84 474 15.05% 205.831898
559 84 475 15.03% 12.758960
560 84 476 15.00% 88.642653
561 84 477 14.97% 26.690260
562 84 478 14.95% 16.762193
563 84 479 14.92% 128.045910
564 84 480 14.89% 7.837231
565 84 481 14.87% 15.596966
566 84 482 14.84% 263.889464
567 84 483 14.81% 23.973796
568 84 484 14.79% 469.621616
569 84 485 14.76% 12.752913
570 84 486 14.74% 26.396003
571 84 487 14.71% 183.945884
572 84 488 14.69% 87.546948
573 84 489 14.66% 10.427806
574 84 490 14.63% 12.933021
575 84 491 14.61% 16.448292
576 84 492 14.58% 41.990539
577 84 493 14.56% 41.835810
578 84 494 14.53% 29.652094
579 84 495 14.51% 52.457053
580 84 496 14.48% 4.288833
581 84 497 14.46% 117.895153
582 84 498 14.43% 50.422489
583 84 499 14.41% 23.436290
584 84 500 14.38% 132.462405
585 84 501 14.36% 559.766070
586 84 502 14.33% 118.510455
587 84 503 14.31% 93.439938
588 84 504 14.29% 42.266274
589 84 505 14.26% 37.925841
590 84 506 14.24% 206.739656
591 84 507 14.21% 67.934948
592 84 508 14.19% 2.836622
593 84 509 14.17% 18.996376
594 84 510 14.14% 73.936240
595 84 511 14.12% 147.867296
596 84 512 14.09% 133.113796
597 84 513 14.07% 56.041775
598 84 514 14.05% 11.062906
599 84 515 14.02% 135.266752
600 84 516 14.00% 48.421437
601 85 516 14.14% 7.673863
602 85 517 14.12% 30.049880
603 85 518 14.10% 79.195573
604 85 519 14.07% 118.681163
605 86 519 14.21% 2.822496
606 86 520 14.19% 69.980062
607 86 521 14.17% 15.652245
608 87 521 14.31% 221.129599
609 88 521 14.45% 90.118874
610 88 522 14.43% 24.803229
611 88 523 14.40% 7.775327
612 88 524 14.38% 60.709135
613 88 525 14.36% 16.440120
614 88 526 14.33% 40.918631
615 88 527 14.31% 500.969253
616 88 528 14.29% 26.097882
617 88 529 14.26% 112.140242
618 88 530 14.24% 54.297187
619 88 531 14.22% 106.043754
620 88 532 14.19% 485.112146
621 88 533 14.17% 271.436982
622 88 534 14.15% 29.521315
623 88 535 14.13% 235.893169
624 88 536 14.10% 159.008652
625 88 537 14.08% 47.413231
626 88 538 14.06% 151.457081
627 88 539 14.04% 27.619251
628 88 540 14.01% 208.441693
629 88 541 13.99% 37.708898
630 88 542 13.97% 134.510863
631 88 543 13.95% 38.736241
632 88 544 13.92% 88.521781
633 88 545 13.90% 15.443395
634 88 546 13.88% 163.935992
635 88 547 13.86% 125.147360
636 88 548 13.84% 58.948196
637 89 548 13.97% 5.670857
638 89 549 13.95% 30.465118
639 90 549 14.08% 37.350059
640 91 549 14.22% 2.851967
641 92 549 14.35% 54.293892
642 93 549 14.49% 19.474020
643 94 549 14.62% 12.995060
644 95 549 14.75% 34.915275
645 95 550 14.73% 79.855451
646 95 551 14.71% 134.814272
647 96 551 14.84% 22.799102
648 97 551 14.97% 19.327327
649 98 551 15.10% 31.166408
650 98 552 15.08% 76.679318
651 99 552 15.21% 15.374192
652 100 552 15.34% 12.775943
653 101 552 15.47% 60.611047
654 102 552 15.60% 34.992795
655 102 553 15.57% 28.719372
656 103 553 15.70% 23.352660
657 103 554 15.68% 19.703953
658 103 555 15.65% 23.338443
659 103 556 15.63% 30.308161
660 103 557 15.61% 16.327271
661 104 557 15.73% 7.786689
662 105 557 15.86% 45.389704
663 105 558 15.84% 8.559679
664 105 559 15.81% 27.205253
665 106 559 15.94% 5.699560
666 106 560 15.92% 59.449702
667 106 561 15.89% 36.993696
668 106 562 15.87% 96.632228
669 106 563 15.84% 208.047023
670 106 564 15.82% 23.931951
671 106 565 15.80% 47.856958
672 106 566 15.77% 324.126457
673 106 567 15.75% 24.545346
674 106 568 15.73% 64.315215
675 106 569 15.70% 15.531490
676 106 570 15.68% 29.798990
677 106 571 15.66% 56.326324
678 107 571 15.78% 16.491352
679 107 572 15.76% 75.776174
680 107 573 15.74% 281.028132
681 107 574 15.71% 60.885320
682 107 575 15.69% 57.302272
683 107 576 15.67% 5.690782
684 107 577 15.64% 62.140264
685 107 578 15.62% 143.737330
686 107 579 15.60% 158.798439
687 107 580 15.57% 48.461476
688 107 581 15.55% 19.520406
689 107 582 15.53% 33.002629
690 107 583 15.51% 176.466820
691 107 584 15.48% 5.674836
692 107 585 15.46% 39.028600
693 108 585 15.58% 313.937040
694 108 586 15.56% 193.586992
695 108 587 15.54% 24.681671
696 108 588 15.52% 129.076228
697 108 589 15.49% 104.326530
698 108 590 15.47% 550.139412
699 108 591 15.45% 2.836915
700 108 592 15.43% 79.867871
701 108 593 15.41% 88.676023
702 108 594 15.38% 9.951400
703 108 595 15.36% 32.915734
704 108 596 15.34% 148.719556
705 108 597 15.32% 107.065026
706 108 598 15.30% 90.644355
707 108 599 15.28% 471.917841
708 108 600 15.25% 79.523023
709 108 601 15.23% 43.129579
710 108 602 15.21% 207.071597
711 108 603 15.19% 61.743989
712 109 603 15.31% 2.863980
713 109 604 15.29% 14.003762
714 109 605 15.27% 149.545434
715 109 606 15.24% 178.420482
716 109 607 15.22% 59.204442
717 109 608 15.20% 56.932975
718 109 609 15.18% 5.727557
719 109 610 15.16% 10.995567
720 109 611 15.14% 128.874495
721 109 612 15.12% 152.303764
722 110 612 15.24% 71.628289
723 110 613 15.21% 222.307943
724 110 614 15.19% 129.020620
725 110 615 15.17% 15.439586
726 110 616 15.15% 133.063581
727 110 617 15.13% 19.951823
728 110 618 15.11% 1038.729551
729 110 619 15.09% 48.929544
730 110 620 15.07% 204.768421
731 110 621 15.05% 59.060937
732 110 622 15.03% 48.129709
733 110 623 15.01% 205.870308
734 111 623 15.12% 7.607924
735 111 624 15.10% 7.805605
736 111 625 15.08% 266.503868
737 111 626 15.06% 26.695624
738 111 627 15.04% 15.524638
739 111 628 15.02% 79.604178
740 111 629 15.00% 64.199351
741 111 630 14.98% 8.477460
742 111 631 14.96% 2.831177
743 111 632 14.94% 48.717325
744 111 633 14.92% 60.307183
745 111 634 14.90% 30.486845
746 111 635 14.88% 307.745617
747 111 636 14.86% 11.436674
748 111 637 14.84% 2.847820
749 111 638 14.82% 74.002752
750 111 639 14.80% 22.025848
751 111 640 14.78% 88.513329
752 111 641 14.76% 41.809563
753 111 642 14.74% 31.896914
754 111 643 14.72% 56.669811
755 111 644 14.70% 234.678885
756 111 645 14.68% 7.100528
757 111 646 14.66% 395.533789
758 111 647 14.64% 5.485456
759 111 648 14.62% 74.546253
760 111 649 14.61% 24.112819
761 111 650 14.59% 32.351656
762 111 651 14.57% 240.585847
763 111 652 14.55% 105.241434
764 111 653 14.53% 178.019863
765 111 654 14.51% 707.717964
766 111 655 14.49% 79.095130
767 111 656 14.47% 19.442814
768 111 657 14.45% 30.219186
769 111 658 14.43% 86.267154
770 111 659 14.42% 42.636400
771 111 660 14.40% 30.176165
772 111 661 14.38% 16.458116
773 111 662 14.36% 29.660436
774 111 663 14.34% 353.054899
775 111 664 14.32% 30.411515
776 111 665 14.30% 23.018089
777 111 666 14.29% 221.184704
778 111 667 14.27% 45.374012
779 111 668 14.25% 26.521152
780 111 669 14.23% 15.886778
781 111 670 14.21% 49.549265
782 111 671 14.19% 42.530646
783 111 672 14.18% 74.060293
784 111 673 14.16% 19.507784
785 111 674 14.14% 40.084282
786 111 675 14.12% 64.659514
787 111 676 14.10% 192.129211
788 111 677 14.09% 15.345341
789 111 678 14.07% 61.785469
790 111 679 14.05% 37.754318
791 111 680 14.03% 9.996423
792 111 681 14.02% 29.551157
793 111 682 14.00% 167.059033
794 112 682 14.11% 75.211177
795 112 683 14.09% 18.870066
796 112 684 14.07% 79.673135
797 112 685 14.05% 30.369264
798 112 686 14.04% 26.041242
799 112 687 14.02% 44.486563
800 112 688 14.00% 397.556458
801 112 689 13.98% 8.544568
802 112 690 13.97% 4.281357
803 112 691 13.95% 74.458807
804 112 692 13.93% 60.049792
805 113 692 14.04% 133.506715
806 113 693 14.02% 27.223501
807 113 694 14.00% 144.438403
808 113 695 13.99% 55.506346
809 113 696 13.97% 32.208681
810 113 697 13.95% 7.065145
811 113 698 13.93% 370.712574
812 113 699 13.92% 395.872505
813 113 700 13.90% 44.661379
814 113 701 13.88% 29.841612
815 113 702 13.87% 119.486115
816 113 703 13.85% 147.287004
817 113 704 13.83% 47.529969
818 113 705 13.81% 74.242659
819 113 706 13.80% 559.094372
820 113 707 13.78% 29.517867
821 113 708 13.76% 307.150445
822 113 709 13.75% 31.755166
823 113 710 13.73% 6.099161
824 113 711 13.71% 9.759712
825 113 712 13.70% 26.786778
826 113 713 13.68% 19.354261
827 113 714 13.66% 88.556016
828 113 715 13.65% 82.091312
829 113 716 13.63% 7.116303
830 113 717 13.61% 7.005710
831 113 718 13.60% 30.528615
832 113 719 13.58% 147.725787
833 113 720 13.57% 162.961273
834 113 721 13.55% 103.242237
835 113 722 13.53% 104.153256
836 113 723 13.52% 96.628720
837 113 724 13.50% 120.168914
838 113 725 13.48% 381.632749
839 113 726 13.47% 41.012287
840 113 727 13.45% 7.148192
841 113 728 13.44% 8.215138
842 113 729 13.42% 17.993081
843 113 730 13.40% 545.336830
844 113 731 13.39% 81.807758
845 113 732 13.37% 41.339049
846 113 733 13.36% 103.848485
847 113 734 13.34% 89.215427
848 113 735 13.33% 16.443625
849 113 736 13.31% 2.835252
850 113 737 13.29% 127.287185
851 113 738 13.28% 16.459057
852 113 739 13.26% 16.444850
853 113 740 13.25% 32.327735
854 113 741 13.23% 73.757317
855 113 742 13.22% 119.876619
856 113 743 13.20% 72.407570
857 113 744 13.19% 148.067817
858 113 745 13.17% 16.461860
859 113 746 13.15% 198.447583
860 113 747 13.14% 11.679845
861 113 748 13.12% 19.436166
862 113 749 13.11% 15.470402
863 113 750 13.09% 133.357546
864 113 751 13.08% 161.829207
865 113 752 13.06% 59.789537
866 113 753 13.05% 352.433695
867 113 754 13.03% 18.095885
868 113 755 13.02% 30.170018
869 113 756 13.00% 56.341921
870 113 757 12.99% 16.529848
871 113 758 12.97% 7.785191
872 113 759 12.96% 60.276122
873 113 760 12.94% 280.563005
874 113 761 12.93% 5.704707
875 113 762 12.91% 198.898165
876 113 763 12.90% 25.359951
877 113 764 12.88% 117.539544
878 113 765 12.87% 17.131996
879 113 766 12.86% 33.429919
880 113 767 12.84% 143.416285
881 113 768 12.83% 12.823241
882 113 769 12.81% 26.112169
883 113 770 12.80% 206.957208
884 113 771 12.78% 2.844224
885 113 772 12.77% 344.402216
886 113 773 12.75% 61.081742
887 113 774 12.74% 80.099307
888 113 775 12.73% 22.673650
889 113 776 12.71% 224.074743
890 113 777 12.70% 2.846750
891 113 778 12.68% 547.934215
892 113 779 12.67% 38.117406
893 113 780 12.65% 56.879306
894 113 781 12.64% 5.676027
895 113 782 12.63% 234.952745
896 113 783 12.61% 103.646055
897 113 784 12.60% 177.819113
898 113 785 12.58% 12.275691
899 113 786 12.57% 88.727846
900 113 787 12.56% 23.933998
901 113 788 12.54% 29.515545
902 113 789 12.53% 7.125190
903 113 790 12.51% 49.503356
904 113 791 12.50% 8.354563
905 113 792 12.49% 18.547362
906 113 793 12.47% 11.311435
907 113 794 12.46% 143.615857
908 113 795 12.44% 9.994671
909 113 796 12.43% 11.717801
910 113 797 12.42% 139.568998
911 113 798 12.40% 19.286040
912 113 799 12.39% 191.299560
913 113 800 12.38% 4.233752
914 113 801 12.36% 16.726625
915 113 802 12.35% 34.670498
916 113 803 12.34% 60.485697
917 113 804 12.32% 128.344100
918 113 805 12.31% 2.841296
919 113 806 12.30% 47.918710
920 113 807 12.28% 12.606002
921 113 808 12.27% 56.745541
922 113 809 12.26% 37.620812
923 113 810 12.24% 6.948185
924 113 811 12.23% 23.039864
925 113 812 12.22% 71.298696
926 113 813 12.20% 15.553479
927 114 813 12.30% 44.344447
928 114 814 12.28% 13.863055
929 114 815 12.27% 15.479433
930 114 816 12.26% 308.719124
931 114 817 12.24% 11.263340
932 115 817 12.34% 23.976634
933 115 818 12.33% 30.415136
934 115 819 12.31% 12.612137
935 115 820 12.30% 7.796726
936 115 821 12.29% 103.546683
937 115 822 12.27% 7.043215
938 115 823 12.26% 426.749474
939 115 824 12.25% 23.417413
940 115 825 12.23% 133.157522
941 115 826 12.22% 105.555537
942 115 827 12.21% 295.603447
943 115 828 12.20% 145.399840
944 115 829 12.18% 23.371248
945 115 830 12.17% 111.816076
946 115 831 12.16% 134.483141
947 115 832 12.14% 90.771728
948 115 833 12.13% 104.374515
949 115 834 12.12% 295.057651
950 115 835 12.11% 117.001197
951 115 836 12.09% 15.001996
952 115 837 12.08% 13.843228
953 115 838 12.07% 12.389569
954 115 839 12.05% 23.293110
955 115 840 12.04% 48.614636
956 115 841 12.03% 9.945608
957 115 842 12.02% 87.696130
958 115 843 12.00% 102.452913
959 115 844 11.99% 32.776369
960 115 845 11.98% 15.562307
961 115 846 11.97% 29.856089
962 115 847 11.95% 23.812356
963 115 848 11.94% 117.721482
964 115 849 11.93% 37.648190
965 115 850 11.92% 264.273582
966 115 851 11.90% 135.466074
967 115 852 11.89% 15.567609
968 115 853 11.88% 5.730945
969 115 854 11.87% 103.259910
970 115 855 11.86% 56.067947
971 115 856 11.84% 38.587113
972 115 857 11.83% 30.323710
973 115 858 11.82% 82.539686
974 115 859 11.81% 103.308456
975 115 860 11.79% 589.364132
976 115 861 11.78% 23.222117
977 115 862 11.77% 5.669999
978 115 863 11.76% 103.339726
979 115 864 11.75% 527.247936
980 115 865 11.73% 94.149673
981 115 866 11.72% 41.733211
982 115 867 11.71% 67.225687
983 115 868 11.70% 527.878133
984 115 869 11.69% 52.677848
985 115 870 11.68% 26.620057
986 115 871 11.66% 75.171926
987 115 872 11.65% 45.276147
988 115 873 11.64% 6.992288
989 115 874 11.63% 15.412238
990 115 875 11.62% 46.507676
991 115 876 11.60% 35.060736
992 115 877 11.59% 22.516870
993 115 878 11.58% 15.403277
994 115 879 11.57% 16.449263
995 115 880 11.56% 55.920031
996 115 881 11.55% 11.311371
997 115 882 11.53% 206.145629
998 115 883 11.52% 31.068800
999 115 884 11.51% 44.993434
1000 115 885 11.50% 147.574379
1001 115 886 11.49% 2.838306
1002 115 887 11.48% 35.161332
1003 115 888 11.47% 151.418272
1004 115 889 11.45% 161.932323
1005 115 890 11.44% 23.118238
1006 115 891 11.43% 2.854574
1007 115 892 11.42% 133.562159
1008 115 893 11.41% 103.944268
1009 115 894 11.40% 32.931695
1010 115 895 11.39% 71.247039
1011 115 896 11.37% 23.981094
1012 115 897 11.36% 59.855682
1013 115 898 11.35% 162.102439
1014 115 899 11.34% 24.004690
1015 116 899 11.43% 30.347440
1016 116 900 11.42% 4.255335
1017 116 901 11.41% 72.065349
1018 116 902 11.39% 102.488625
1019 116 903 11.38% 30.636107
1020 116 904 11.37% 9.850609
1021 116 905 11.36% 19.712690
1022 116 906 11.35% 14.156276
1023 116 907 11.34% 35.933149
1024 116 908 11.33% 31.481886
1025 116 909 11.32% 19.550345
1026 116 910 11.31% 81.338521
1027 116 911 11.30% 75.223512
1028 116 912 11.28% 8.529411
1029 116 913 11.27% 105.802816
1030 116 914 11.26% 11.364685
1031 116 915 11.25% 59.343517
1032 116 916 11.24% 15.923282
1033 116 917 11.23% 112.928724
1034 116 918 11.22% 38.350214
1035 116 919 11.21% 56.211020
1036 116 920 11.20% 87.844040
1037 116 921 11.19% 19.481562
1038 116 922 11.18% 53.679973
1039 116 923 11.16% 133.042684
1040 116 924 11.15% 42.255233
1041 116 925 11.14% 4.281838
1042 116 926 11.13% 7.110949
1043 116 927 11.12% 132.681846
1044 116 928 11.11% 256.238624
1045 116 929 11.10% 93.915742
1046 116 930 11.09% 19.656543
1047 116 931 11.08% 38.517434
1048 116 932 11.07% 103.390670
1049 116 933 11.06% 50.589449
1050 116 934 11.05% 13.570564
1051 116 935 11.04% 11.105832
1052 116 936 11.03% 185.126149
1053 116 937 11.02% 183.826557
1054 116 938 11.01% 10.962587
1055 116 939 11.00% 416.081910
1056 116 940 10.98% 15.757370
1057 117 940 11.07% 10.636367
1058 118 940 11.15% 68.939398
1059 119 940 11.24% 8.176033
1060 120 940 11.32% 7.924908
1061 121 940 11.40% 31.068819
1062 122 940 11.49% 219.557818
1063 123 940 11.57% 127.982769
1064 124 940 11.65% 240.682917
1065 125 940 11.74% 213.736636
1066 125 941 11.73% 7.437193
1067 125 942 11.72% 35.767351
1068 125 943 11.70% 111.651985
1069 125 944 11.69% 169.332820
1070 125 945 11.68% 395.090360
1071 125 946 11.67% 12.242852
1072 125 947 11.66% 60.466576
1073 125 948 11.65% 9.170872
1074 125 949 11.64% 48.370834
1075 125 950 11.63% 56.822160
1076 125 951 11.62% 6.816893
1077 125 952 11.61% 21.039919
1078 125 953 11.60% 30.665846
1079 125 954 11.58% 42.665872
1080 125 955 11.57% 10.604808
1081 125 956 11.56% 5.454234
1082 125 957 11.55% 11.031873
1083 125 958 11.54% 127.623649
1084 125 959 11.53% 127.442509
1085 125 960 11.52% 14.925806
1086 125 961 11.51% 38.477559
1087 125 962 11.50% 33.516864
1088 125 963 11.49% 9.548341
1089 125 964 11.48% 26.219276
1090 125 965 11.47% 228.345848
1091 125 966 11.46% 5.410183
1092 125 967 11.45% 8.166101
1093 125 968 11.44% 28.765162
1094 125 969 11.43% 169.906234
1095 125 970 11.42% 267.621667
1096 125 971 11.41% 69.021610
1097 125 972 11.39% 18.770455
1098 125 973 11.38% 29.453462
1099 125 974 11.37% 4.092750
1100 125 975 11.36% 46.202561
1101 125 976 11.35% 28.870018
1102 125 977 11.34% 7.432052
1103 125 978 11.33% 50.896793
1104 125 979 11.32% 14.589622
1105 125 980 11.31% 40.068960
1106 125 981 11.30% 51.684076
1107 125 982 11.29% 84.076169
1108 125 983 11.28% 915.311054
1109 125 984 11.27% 382.486212
1110 125 985 11.26% 71.004525
1111 125 986 11.25% 423.292492
1112 125 987 11.24% 6.724182
1113 125 988 11.23% 452.607686
1114 125 989 11.22% 15.701893
1115 125 990 11.21% 2.709873
1116 125 991 11.20% 17.229883
1117 125 992 11.19% 18.521156
1118 125 993 11.18% 71.936890
1119 125 994 11.17% 132.981526
1120 125 995 11.16% 197.037306
1121 126 995 11.24% 107.766385
1122 127 995 11.32% 56.629511
1123 127 996 11.31% 17.928118
1124 128 996 11.39% 18.541234
1125 128 997 11.38% 145.126538
1126 129 997 11.46% 99.038148
1127 130 997 11.54% 38.936291
1128 130 998 11.52% 29.317539
1129 131 998 11.60% 4.102378
1130 131 999 11.59% 76.314443
1131 131 1000 11.58% 39.912162
1132 131 1001 11.57% 50.128594
1133 131 1002 11.56% 113.784873
1134 131 1003 11.55% 21.291867
1135 131 1004 11.54% 53.472497
1136 131 1005 11.53% 5.466291
1137 131 1006 11.52% 2.728230
1138 131 1007 11.51% 71.279087
1139 131 1008 11.50% 100.702006
1140 131 1009 11.49% 53.973952
1141 131 1010 11.48% 18.671830
1142 131 1011 11.47% 15.805345
1143 131 1012 11.46% 8.124549
1144 132 1012 11.54% 28.560683
1145 132 1013 11.53% 113.261602
1146 132 1014 11.52% 20.163864
1147 132 1015 11.51% 22.307381
1148 132 1016 11.50% 25.629028
1149 132 1017 11.49% 45.854346
1150 132 1018 11.48% 25.969996
1151 132 1019 11.47% 15.775319
1152 132 1020 11.46% 29.520020
1153 132 1021 11.45% 71.767094
1154 133 1021 11.53% 2.710013
1155 133 1022 11.52% 28.779271
1156 133 1023 11.51% 71.738687
1157 134 1023 11.58% 30.618462
1158 134 1024 11.57% 36.373437
1159 134 1025 11.56% 9.583049
1160 134 1026 11.55% 5.313347
1161 134 1027 11.54% 6.734892
1162 134 1028 11.53% 226.922787
1163 134 1029 11.52% 64.300404
1164 134 1030 11.51% 43.888492
1165 134 1031 11.50% 9.545357
1166 134 1032 11.49% 70.759469
1167 134 1033 11.48% 57.281696
1168 134 1034 11.47% 15.975431
1169 134 1035 11.46% 31.845294
1170 134 1036 11.45% 40.849286
1171 134 1037 11.44% 15.032075
1172 134 1038 11.43% 154.736334
1173 134 1039 11.42% 121.674446
1174 134 1040 11.41% 129.510397
1175 134 1041 11.40% 7.459311
1176 134 1042 11.39% 9.552273
1177 134 1043 11.38% 39.584700
1178 134 1044 11.38% 38.866655
1179 134 1045 11.37% 29.018223
1180 134 1046 11.36% 29.298351
1181 134 1047 11.35% 23.754428
1182 134 1048 11.34% 15.543750
1183 134 1049 11.33% 365.808181
1184 134 1050 11.32% 61.023856
1185 134 1051 11.31% 15.625585
1186 134 1052 11.30% 23.579573
1187 134 1053 11.29% 129.709117
1188 134 1054 11.28% 31.085950
1189 135 1054 11.35% 7.461377
1190 135 1055 11.34% 14.700126
1191 135 1056 11.34% 11.103933
1192 135 1057 11.33% 84.927131
1193 135 1058 11.32% 69.744057
1194 135 1059 11.31% 256.394004
1195 135 1060 11.30% 39.959576
1196 135 1061 11.29% 14.766239
1197 135 1062 11.28% 15.851057
1198 135 1063 11.27% 127.772548
1199 135 1064 11.26% 40.676420
1200 135 1065 11.25% 15.624616
1201 135 1066 11.24% 64.227814
1202 135 1067 11.23% 20.432134
1203 135 1068 11.22% 15.800249
1204 135 1069 11.21% 46.505268
1205 135 1070 11.20% 56.964164
1206 135 1071 11.19% 236.207129
1207 135 1072 11.18% 28.955288
1208 135 1073 11.18% 32.250127
1209 135 1074 11.17% 29.112363
1210 135 1075 11.16% 22.284373
1211 135 1076 11.15% 54.268835
1212 135 1077 11.14% 7.202291
1213 135 1078 11.13% 17.016604
1214 135 1079 11.12% 183.747392
1215 135 1080 11.11% 17.085951
1216 135 1081 11.10% 16.423166
1217 135 1082 11.09% 10.637354
1218 135 1083 11.08% 183.641840
1219 135 1084 11.07% 14.899663
1220 135 1085 11.07% 28.467443
1221 135 1086 11.06% 60.421913
1222 135 1087 11.05% 22.927079
1223 135 1088 11.04% 9.334347
1224 135 1089 11.03% 7.139426
1225 135 1090 11.02% 7.931578
1226 135 1091 11.01% 12.078702
1227 135 1092 11.00% 24.985905
1228 135 1093 10.99% 10.915639
1229 135 1094 10.98% 145.546152
1230 135 1095 10.98% 30.477854
1231 135 1096 10.97% 15.650961
1232 135 1097 10.96% 145.961185
1233 135 1098 10.95% 23.720176
1234 135 1099 10.94% 69.093453
1235 135 1100 10.93% 100.396645
1236 135 1101 10.92% 14.407236
1237 135 1102 10.91% 184.173834
1238 135 1103 10.90% 56.690768
1239 135 1104 10.90% 10.762629
1240 135 1105 10.89% 30.574801
1241 135 1106 10.88% 141.610332
1242 135 1107 10.87% 22.857160
1243 135 1108 10.86% 7.408781
1244 135 1109 10.85% 970.510921
1245 135 1110 10.84% 46.097405
1246 135 1111 10.83% 14.724308
1247 135 1112 10.83% 7.422585
1248 135 1113 10.82% 22.448305
1249 135 1114 10.81% 5.450896
1250 135 1115 10.80% 70.729604
1251 135 1116 10.79% 31.146641
1252 135 1117 10.78% 325.750214
1253 135 1118 10.77% 115.233211
1254 135 1119 10.77% 115.314311
1255 135 1120 10.76% 351.073738
1256 135 1121 10.75% 39.382150
1257 135 1122 10.74% 141.543245
1258 135 1123 10.73% 226.684439
1259 135 1124 10.72% 99.558245
1260 135 1125 10.71% 31.048634
1261 135 1126 10.71% 14.907512
1262 135 1127 10.70% 150.920415
1263 135 1128 10.69% 6.819258
1264 135 1129 10.68% 7.430601
1265 135 1130 10.67% 168.974881
1266 135 1131 10.66% 29.513917
1267 136 1131 10.73% 77.072175
1268 137 1131 10.80% 38.368212
1269 138 1131 10.87% 31.988551
1270 139 1131 10.94% 108.663894
1271 140 1131 11.01% 10.900913
1272 141 1131 11.08% 29.128929
1273 142 1131 11.15% 116.616077
1274 143 1131 11.22% 31.679588
1275 143 1132 11.22% 639.813906
1276 144 1132 11.29% 16.473518
1277 145 1132 11.35% 22.201057
1278 146 1132 11.42% 60.727478
1279 146 1133 11.42% 11.723348
1280 147 1133 11.48% 22.015497
1281 148 1133 11.55% 11.321465
1282 149 1133 11.62% 37.576713
1283 149 1134 11.61% 176.958230
1284 149 1135 11.60% 151.498428
1285 150 1135 11.67% 27.524436
1286 151 1135 11.74% 183.691599
1287 152 1135 11.81% 93.423801
1288 153 1135 11.88% 48.844720
1289 154 1135 11.95% 59.385067
1290 155 1135 12.02% 309.968395
1291 156 1135 12.08% 182.835048
1292 156 1136 12.07% 296.018861
1293 157 1136 12.14% 2.857692
1294 157 1137 12.13% 91.631893
1295 158 1137 12.20% 60.821199
1296 158 1138 12.19% 19.927089
1297 158 1139 12.18% 284.486920
1298 159 1139 12.25% 4.061447
1299 159 1140 12.24% 13.474441
1300 159 1141 12.23% 155.547587
1301 159 1142 12.22% 180.814341
1302 160 1142 12.29% 6.515553
1303 160 1143 12.28% 170.306517
1304 160 1144 12.27% 12.232274
1305 161 1144 12.34% 29.014917
1306 161 1145 12.33% 15.735834
1307 162 1145 12.39% 25.397766
1308 162 1146 12.39% 14.713910
1309 162 1147 12.38% 84.029503
1310 163 1147 12.44% 30.624051
1311 164 1147 12.51% 46.002872
1312 165 1147 12.58% 5.383065
1313 165 1148 12.57% 46.741347
1314 165 1149 12.56% 7.432601
1315 165 1150 12.55% 4.065341
1316 165 1151 12.54% 137.904046
1317 165 1152 12.53% 86.971870
1318 165 1153 12.52% 26.075851
1319 166 1153 12.59% 17.873128
1320 166 1154 12.58% 7.443977
1321 167 1154 12.64% 23.736269
1322 167 1155 12.63% 122.055633
1323 167 1156 12.62% 43.162949
1324 168 1156 12.69% 29.225593
1325 168 1157 12.68% 7.409550
1326 168 1158 12.67% 100.051599
1327 168 1159 12.66% 21.749716
1328 168 1160 12.65% 186.258817
1329 168 1161 12.64% 198.621127
1330 168 1162 12.63% 26.028904
1331 168 1163 12.62% 33.134730
1332 168 1164 12.61% 5.431238
1333 168 1165 12.60% 83.285063
1334 168 1166 12.59% 28.913147
1335 168 1167 12.58% 18.109232
1336 168 1168 12.57% 30.365605
1337 168 1169 12.57% 154.943743
1338 168 1170 12.56% 97.900272
1339 168 1171 12.55% 57.294829
1340 168 1172 12.54% 53.852307
1341 168 1173 12.53% 18.403401
1342 169 1173 12.59% 42.642054
1343 169 1174 12.58% 10.701941
1344 169 1175 12.57% 26.797057
1345 169 1176 12.57% 112.712765
1346 169 1177 12.56% 224.921684
1347 169 1178 12.55% 71.988572
1348 169 1179 12.54% 181.751840
1349 169 1180 12.53% 10.734817
1350 169 1181 12.52% 18.594504
1351 169 1182 12.51% 167.714264
1352 169 1183 12.50% 128.461028
1353 169 1184 12.49% 120.332334
1354 169 1185 12.48% 92.831509
1355 169 1186 12.47% 23.192197
1356 169 1187 12.46% 57.020138
1357 169 1188 12.45% 30.653432
1358 169 1189 12.44% 19.398998
1359 169 1190 12.44% 23.993932
1360 169 1191 12.43% 17.674999
1361 169 1192 12.42% 159.356784
1362 169 1193 12.41% 42.312436
1363 169 1194 12.40% 9.377784
1364 169 1195 12.39% 22.328552
1365 169 1196 12.38% 160.455062
1366 169 1197 12.37% 18.088759
1367 169 1198 12.36% 39.397287
1368 169 1199 12.35% 77.596799
1369 169 1200 12.34% 7.318279
1370 169 1201 12.34% 68.008952
1371 169 1202 12.33% 84.875971
1372 169 1203 12.32% 75.471331
1373 169 1204 12.31% 42.017748
1374 169 1205 12.30% 75.617308
1375 169 1206 12.29% 112.209575
1376 169 1207 12.28% 37.820604
1377 169 1208 12.27% 55.793693
1378 169 1209 12.26% 16.854530
1379 169 1210 12.26% 7.319868
1380 169 1211 12.25% 28.393112
1381 169 1212 12.24% 28.349461
1382 169 1213 12.23% 45.588735
1383 169 1214 12.22% 15.578723
1384 169 1215 12.21% 195.666679
1385 169 1216 12.20% 15.982451
1386 169 1217 12.19% 96.682872
1387 169 1218 12.18% 59.590564
1388 169 1219 12.18% 195.547547
1389 170 1219 12.24% 5.322225
1390 171 1219 12.30% 59.121864
1391 171 1220 12.29% 83.911548
1392 171 1221 12.28% 12.197376
1393 171 1222 12.28% 11.111248
1394 171 1223 12.27% 174.282179
1395 171 1224 12.26% 31.562286
1396 171 1225 12.25% 113.081418
1397 171 1226 12.24% 205.726599
1398 171 1227 12.23% 696.868574
1399 171 1228 12.22% 10.992723
1400 171 1229 12.21% 57.540032
1401 171 1230 12.21% 128.938409
1402 171 1231 12.20% 152.886627
1403 171 1232 12.19% 7.431190
1404 171 1233 12.18% 197.015568
1405 171 1234 12.17% 114.518621
1406 171 1235 12.16% 85.828592
1407 171 1236 12.15% 11.078090
1408 171 1237 12.14% 41.294444
1409 171 1238 12.14% 140.252154
1410 171 1239 12.13% 23.248696
1411 171 1240 12.12% 126.811809
1412 171 1241 12.11% 12.046293
1413 171 1242 12.10% 43.917141
1414 171 1243 12.09% 10.728810
1415 171 1244 12.08% 60.162996
1416 171 1245 12.08% 54.742340
1417 171 1246 12.07% 18.371422
1418 171 1247 12.06% 112.673503
1419 171 1248 12.05% 10.935249
1420 171 1249 12.04% 14.458151
1421 171 1250 12.03% 225.455152
1422 171 1251 12.03% 53.793975
1423 171 1252 12.02% 23.573196
1424 171 1253 12.01% 402.894694
1425 171 1254 12.00% 31.271988
1426 171 1255 11.99% 57.751748
1427 171 1256 11.98% 183.872237
1428 171 1257 11.97% 41.703415
1429 171 1258 11.97% 21.628407
1430 171 1259 11.96% 14.365982
1431 172 1259 12.02% 42.101449
1432 172 1260 12.01% 212.854835
1433 172 1261 12.00% 85.347695
1434 173 1261 12.06% 39.775995
1435 173 1262 12.06% 106.799843
1436 173 1263 12.05% 18.985117
1437 173 1264 12.04% 85.024165
1438 173 1265 12.03% 60.471259
1439 174 1265 12.09% 42.519764
1440 174 1266 12.08% 20.464858
1441 174 1267 12.07% 44.895450
1442 175 1267 12.14% 4.299761
1443 176 1267 12.20% 104.275903
1444 177 1267 12.26% 33.008630
1445 177 1268 12.25% 176.640211
1446 177 1269 12.24% 24.313260
1447 177 1270 12.23% 7.071893
1448 178 1270 12.29% 4.330939
1449 178 1271 12.28% 26.997913
1450 178 1272 12.28% 133.288907
1451 178 1273 12.27% 119.099835
1452 178 1274 12.26% 18.405979
1453 179 1274 12.32% 4.278614
1454 180 1274 12.38% 133.126431
1455 180 1275 12.37% 45.545367
1456 180 1276 12.36% 7.112385
1457 180 1277 12.35% 162.297516
1458 180 1278 12.35% 7.108288
1459 180 1279 12.34% 32.082995
1460 180 1280 12.33% 13.893259
1461 180 1281 12.32% 30.426250
1462 180 1282 12.31% 144.367215
1463 180 1283 12.30% 18.619223
1464 180 1284 12.30% 12.564006
1465 180 1285 12.29% 18.283600
1466 181 1285 12.35% 239.298694
1467 181 1286 12.34% 621.633431
1468 181 1287 12.33% 103.753532
1469 181 1288 12.32% 95.833109
1470 181 1289 12.31% 63.444624
1471 181 1290 12.30% 45.826520
1472 182 1290 12.36% 33.163418
1473 182 1291 12.36% 9.899549
1474 182 1292 12.35% 17.082101
1475 182 1293 12.34% 22.249650
1476 182 1294 12.33% 41.763071
1477 182 1295 12.32% 18.831223
1478 183 1295 12.38% 7.795485
1479 183 1296 12.37% 9.725816
1480 183 1297 12.36% 117.727600
1481 183 1298 12.36% 32.928565
1482 183 1299 12.35% 63.655841
1483 183 1300 12.34% 369.845028
1484 183 1301 12.33% 49.013992
1485 184 1301 12.39% 135.540334
1486 184 1302 12.38% 26.369367
1487 184 1303 12.37% 19.723453
1488 184 1304 12.37% 193.196390
1489 184 1305 12.36% 199.043395
1490 184 1306 12.35% 16.500849
1491 184 1307 12.34% 22.651610
1492 184 1308 12.33% 73.664818
1493 185 1308 12.39% 80.029431
1494 185 1309 12.38% 26.421757
1495 185 1310 12.37% 96.428552
1496 185 1311 12.37% 73.561338
1497 185 1312 12.36% 7.737043
1498 185 1313 12.35% 23.065181
1499 185 1314 12.34% 88.749199
1500 185 1315 12.33% 132.780979
1501 185 1316 12.33% 29.009359
1502 186 1316 12.38% 139.985841
1503 187 1316 12.44% 12.791379
1504 188 1316 12.50% 12.347430
1505 188 1317 12.49% 465.138932
1506 189 1317 12.55% 6.721430
1507 190 1317 12.61% 85.087851
1508 191 1317 12.67% 14.674065
1509 192 1317 12.72% 52.824714
1510 193 1317 12.78% 56.492755
1511 194 1317 12.84% 52.662291
1512 194 1318 12.83% 71.109066
1513 194 1319 12.82% 222.682021
1514 194 1320 12.81% 30.599920
1515 194 1321 12.81% 169.211531
1516 194 1322 12.80% 28.987496
1517 194 1323 12.79% 2.683435
1518 194 1324 12.78% 43.484156
1519 194 1325 12.77% 15.583164
1520 195 1325 12.83% 10.941356
1521 195 1326 12.82% 38.354218
1522 196 1326 12.88% 10.979765
1523 196 1327 12.87% 5.356470
1524 196 1328 12.86% 39.535006
1525 196 1329 12.85% 10.690917
1526 196 1330 12.84% 30.524391
1527 196 1331 12.84% 204.181647
1528 197 1331 12.89% 488.650821
1529 197 1332 12.88% 71.269983
1530 197 1333 12.88% 176.548931
1531 198 1333 12.93% 3.964884
1532 198 1334 12.92% 15.740082
1533 198 1335 12.92% 50.768975
1534 198 1336 12.91% 84.560909
1535 198 1337 12.90% 14.233151
1536 198 1338 12.89% 30.404259
1537 198 1339 12.88% 45.250159
1538 198 1340 12.87% 105.024853
1539 198 1341 12.87% 20.929186
1540 198 1342 12.86% 81.095311
1541 199 1342 12.91% 179.549313
1542 200 1342 12.97% 33.083682
1543 200 1343 12.96% 56.009010
1544 201 1343 13.02% 104.317761
1545 201 1344 13.01% 11.765678
1546 201 1345 13.00% 82.952261
1547 202 1345 13.06% 261.169016
1548 202 1346 13.05% 132.061855
1549 203 1346 13.11% 16.404886
1550 203 1347 13.10% 22.104060
1551 203 1348 13.09% 8.526001
1552 203 1349 13.08% 11.338095
1553 203 1350 13.07% 73.500624
1554 203 1351 13.06% 30.213920
1555 203 1352 13.05% 23.349521
1556 203 1353 13.05% 151.312236
1557 203 1354 13.04% 56.618214
1558 203 1355 13.03% 103.228525
1559 203 1356 13.02% 9.861912
1560 203 1357 13.01% 15.603895
1561 203 1358 13.00% 34.106965
1562 203 1359 13.00% 22.722668
1563 203 1360 12.99% 238.256690
1564 203 1361 12.98% 16.380240
1565 203 1362 12.97% 214.702371
1566 203 1363 12.96% 191.757534
1567 203 1364 12.95% 41.609379
1568 203 1365 12.95% 71.554554
1569 203 1366 12.94% 14.850187
1570 203 1367 12.93% 10.668588
1571 203 1368 12.92% 6.794328
1572 203 1369 12.91% 85.250366
1573 203 1370 12.91% 21.079799
1574 203 1371 12.90% 71.926261
1575 203 1372 12.89% 44.046965
1576 203 1373 12.88% 198.111412
1577 203 1374 12.87% 270.089149
1578 203 1375 12.86% 14.743296
1579 203 1376 12.86% 60.589590
1580 203 1377 12.85% 71.396502
1581 203 1378 12.84% 32.143899
1582 203 1379 12.83% 184.338252
1583 203 1380 12.82% 253.958827
1584 203 1381 12.82% 84.648562
1585 203 1382 12.81% 47.348049
1586 203 1383 12.80% 240.168453
1587 203 1384 12.79% 23.048689
1588 203 1385 12.78% 23.720518
1589 203 1386 12.78% 38.408233
1590 203 1387 12.77% 23.679941
1591 203 1388 12.76% 45.708745
1592 203 1389 12.75% 127.445505
1593 203 1390 12.74% 14.590805
1594 203 1391 12.74% 29.214804
1595 204 1391 12.79% 54.140996
1596 204 1392 12.78% 19.366463
1597 204 1393 12.77% 169.130342
1598 204 1394 12.77% 396.831421
1599 204 1395 12.76% 7.425590
1600 204 1396 12.75% 7.419630
1601 204 1397 12.74% 15.212614
1602 204 1398 12.73% 38.543385
1603 204 1399 12.73% 98.765236
1604 204 1400 12.72% 14.827889
1605 204 1401 12.71% 99.528358
1606 204 1402 12.70% 65.513136
1607 204 1403 12.69% 226.480902
1608 204 1404 12.69% 53.584074
1609 204 1405 12.68% 7.417150
1610 204 1406 12.67% 72.648636
1611 204 1407 12.66% 54.333672
1612 204 1408 12.66% 8.134051
1613 204 1409 12.65% 21.129107
1614 204 1410 12.64% 60.782095
1615 204 1411 12.63% 76.378915
1616 204 1412 12.62% 11.151799
1617 205 1412 12.68% 83.786383
1618 205 1413 12.67% 53.959785
1619 206 1413 12.72% 92.468015
1620 207 1413 12.78% 28.702642
1621 208 1413 12.83% 69.295902
1622 209 1413 12.89% 85.471160
1623 210 1413 12.94% 116.676445
1624 211 1413 12.99% 4.059970
1625 211 1414 12.98% 3522.684719
1626 212 1414 13.04% 8.114943
1627 212 1415 13.03% 5.430113
1628 213 1415 13.08% 122.125827
1629 214 1415 13.14% 10.851313
1630 215 1415 13.19% 4.081892
1631 216 1415 13.24% 78.479549
1632 216 1416 13.24% 129.716711
1633 216 1417 13.23% 406.176433
1634 216 1418 13.22% 42.980392
1635 216 1419 13.21% 6.503237
1636 217 1419 13.26% 2.683968
1637 217 1420 13.26% 280.844617
1638 217 1421 13.25% 70.867004
1639 218 1421 13.30% 3.895519
1640 218 1422 13.29% 63.826859
1641 219 1422 13.35% 2.675286
1642 219 1423 13.34% 43.173894
1643 219 1424 13.33% 90.518006
1644 220 1424 13.38% 49.506291
1645 220 1425 13.37% 4.012289
1646 220 1426 13.37% 36.844241
1647 220 1427 13.36% 135.465879
1648 220 1428 13.35% 5.361965
1649 220 1429 13.34% 210.279944
1650 220 1430 13.33% 41.545767
1651 221 1430 13.39% 225.047455
1652 221 1431 13.38% 307.582648
1653 221 1432 13.37% 40.528774
1654 221 1433 13.36% 29.292543
1655 221 1434 13.35% 19.141638
1656 221 1435 13.35% 90.620313
1657 221 1436 13.34% 22.187330
1658 222 1436 13.39% 5.377204
1659 222 1437 13.38% 42.929436
1660 223 1437 13.43% 42.964655
1661 223 1438 13.43% 84.651418
1662 223 1439 13.42% 402.141636
1663 223 1440 13.41% 25.162492
1664 223 1441 13.40% 17.030681
1665 223 1442 13.39% 97.600859
1666 223 1443 13.39% 96.342982
1667 223 1444 13.38% 37.894322
1668 223 1445 13.37% 223.109374
1669 223 1446 13.36% 43.499719
1670 223 1447 13.35% 166.789295
1671 223 1448 13.35% 62.164953
1672 223 1449 13.34% 28.750358
1673 223 1450 13.33% 14.054986
1674 223 1451 13.32% 28.364161
1675 223 1452 13.31% 30.318465
1676 223 1453 13.31% 7.378676
1677 223 1454 13.30% 11.662886
1678 223 1455 13.29% 42.889204
1679 223 1456 13.28% 14.437277
1680 223 1457 13.27% 90.971762
1681 223 1458 13.27% 15.620735
1682 223 1459 13.26% 17.817074
1683 223 1460 13.25% 56.605748
1684 223 1461 13.24% 42.552437
1685 223 1462 13.23% 2.658632
1686 223 1463 13.23% 24.847415
1687 223 1464 13.22% 28.348821
1688 223 1465 13.21% 7.827319
1689 223 1466 13.20% 189.226483
1690 223 1467 13.20% 25.802670
1691 223 1468 13.19% 19.100191
1692 223 1469 13.18% 7.358706
1693 223 1470 13.17% 76.183014
1694 223 1471 13.16% 32.513237
1695 223 1472 13.16% 121.937972
1696 223 1473 13.15% 7.980870
1697 223 1474 13.14% 13.453797
1698 223 1475 13.13% 126.440861
1699 223 1476 13.13% 30.591182
1700 223 1477 13.12% 182.098097
1701 223 1478 13.11% 197.599033
1702 223 1479 13.10% 181.090267
1703 223 1480 13.09% 23.355286
1704 223 1481 13.09% 56.209885
1705 223 1482 13.08% 28.076659
1706 223 1483 13.07% 30.567998
1707 223 1484 13.06% 23.133824
1708 223 1485 13.06% 12.313527
1709 223 1486 13.05% 98.520160
1710 223 1487 13.04% 2.745648
1711 223 1488 13.03% 260.610779
1712 223 1489 13.03% 15.649343
1713 223 1490 13.02% 2.881021
1714 223 1491 13.01% 132.960687
1715 223 1492 13.00% 52.991600
1716 223 1493 13.00% 17.898368
1717 223 1494 12.99% 119.335121
1718 223 1495 12.98% 11.672315
1719 223 1496 12.97% 16.628356
1720 223 1497 12.97% 29.364248
1721 223 1498 12.96% 11.394472
1722 223 1499 12.95% 32.123987
1723 223 1500 12.94% 34.263940
1724 223 1501 12.94% 24.667252
1725 223 1502 12.93% 102.688716
1726 223 1503 12.92% 24.645635
1727 223 1504 12.91% 96.053837
1728 223 1505 12.91% 280.095256
1729 223 1506 12.90% 29.768299
1730 223 1507 12.89% 42.425401
1731 223 1508 12.88% 93.873738
1732 223 1509 12.88% 44.273044
1733 223 1510 12.87% 288.704918
1734 223 1511 12.86% 8.549060
1735 223 1512 12.85% 56.688926
1736 223 1513 12.85% 41.015148
1737 223 1514 12.84% 87.461014
1738 223 1515 12.83% 80.342399
1739 223 1516 12.82% 577.305014
1740 223 1517 12.82% 118.134247
1741 223 1518 12.81% 32.262135
1742 223 1519 12.80% 37.827725
1743 223 1520 12.79% 412.769139
1744 223 1521 12.79% 19.333319
1745 223 1522 12.78% 11.225824
1746 223 1523 12.77% 9.919574
1747 223 1524 12.76% 103.069471
1748 223 1525 12.76% 23.254534
1749 223 1526 12.75% 87.104780
1750 223 1527 12.74% 87.914319
1751 223 1528 12.74% 78.907121
1752 223 1529 12.73% 30.286084
1753 223 1530 12.72% 531.111816
1754 223 1531 12.71% 38.966844
1755 223 1532 12.71% 153.072395
1756 223 1533 12.70% 353.868988
1757 223 1534 12.69% 46.089653
1758 223 1535 12.68% 30.357657
1759 223 1536 12.68% 54.295000
1760 223 1537 12.67% 155.192745
1761 223 1538 12.66% 3.903087
1762 223 1539 12.66% 159.921651
1763 223 1540 12.65% 5.414213
1764 223 1541 12.64% 42.692914
1765 223 1542 12.63% 296.817373
1766 223 1543 12.63% 5.384610
1767 223 1544 12.62% 33.053741
1768 223 1545 12.61% 396.888807
1769 223 1546 12.61% 71.468316
1770 223 1547 12.60% 6.738770
1771 223 1548 12.59% 11.199359
1772 223 1549 12.58% 57.789559
1773 223 1550 12.58% 33.560203
1774 223 1551 12.57% 32.783914
1775 223 1552 12.56% 14.776771
1776 223 1553 12.56% 16.805234
1777 223 1554 12.55% 43.390041
1778 223 1555 12.54% 34.288647
1779 223 1556 12.54% 199.256363
1780 223 1557 12.53% 18.601223
1781 223 1558 12.52% 4.081929
1782 223 1559 12.51% 122.280811
1783 223 1560 12.51% 205.541223
1784 223 1561 12.50% 7.397899
1785 223 1562 12.49% 7.422235
1786 223 1563 12.49% 40.261269
1787 223 1564 12.48% 225.773515
1788 223 1565 12.47% 353.240988
1789 223 1566 12.47% 68.732964
1790 223 1567 12.46% 99.864730
1791 223 1568 12.45% 22.528321
1792 223 1569 12.44% 11.011367
1793 223 1570 12.44% 559.988872
1794 223 1571 12.43% 41.062555
1795 223 1572 12.42% 113.481950
1796 223 1573 12.42% 57.325368
1797 223 1574 12.41% 23.491260
1798 223 1575 12.40% 135.652658
1799 223 1576 12.40% 5.297816
1800 223 1577 12.39% 61.694142
1801 223 1578 12.38% 22.943004
1802 223 1579 12.38% 56.566488
1803 223 1580 12.37% 16.831865
1804 223 1581 12.36% 52.733755
1805 223 1582 12.35% 8.038234
1806 223 1583 12.35% 19.157535
1807 223 1584 12.34% 15.616418
1808 223 1585 12.33% 11.036311
1809 223 1586 12.33% 81.542356
1810 223 1587 12.32% 57.522784
1811 223 1588 12.31% 180.758229
1812 223 1589 12.31% 14.753942
1813 223 1590 12.30% 196.102954
1814 223 1591 12.29% 181.780030
1815 224 1591 12.34% 27.701809
1816 225 1591 12.39% 139.600030
1817 226 1591 12.44% 125.972676
1818 226 1592 12.43% 2.722665
1819 226 1593 12.42% 169.423534
1820 226 1594 12.42% 20.491260
1821 226 1595 12.41% 56.942438
1822 226 1596 12.40% 38.708604
1823 226 1597 12.40% 14.873917
1824 227 1597 12.45% 114.434252
1825 227 1598 12.44% 14.839466
1826 227 1599 12.43% 44.367997
1827 227 1600 12.42% 130.267444
1828 227 1601 12.42% 15.620751
1829 227 1602 12.41% 45.885631
1830 228 1602 12.46% 283.879199
1831 228 1603 12.45% 5.687287
1832 228 1604 12.45% 94.384005
1833 229 1604 12.49% 7.427174
1834 229 1605 12.49% 30.393078
1835 229 1606 12.48% 239.616542
1836 229 1607 12.47% 98.953588
1837 229 1608 12.47% 20.476464
1838 229 1609 12.46% 7.115442
1839 229 1610 12.45% 2.723003
1840 229 1611 12.45% 239.678749
1841 229 1612 12.44% 55.544939
1842 229 1613 12.43% 23.663938
1843 229 1614 12.43% 85.569971
1844 229 1615 12.42% 4.089077
1845 229 1616 12.41% 56.178935
1846 229 1617 12.41% 83.359000
1847 229 1618 12.40% 70.677253
1848 229 1619 12.39% 71.327709
1849 229 1620 12.39% 53.599875
1850 229 1621 12.38% 5.466441
1851 229 1622 12.37% 28.887272
1852 229 1623 12.37% 23.426460
1853 229 1624 12.36% 42.992811
1854 229 1625 12.35% 18.489466
1855 229 1626 12.35% 76.796271
1856 229 1627 12.34% 11.119963
1857 229 1628 12.33% 112.164679
1858 229 1629 12.33% 2.712392
1859 229 1630 12.32% 78.867990
1860 229 1631 12.31% 370.684340
1861 229 1632 12.31% 10.920174
1862 229 1633 12.30% 8.012538
1863 229 1634 12.29% 23.731431
1864 229 1635 12.29% 8.189400
1865 229 1636 12.28% 585.335268
1866 229 1637 12.27% 121.223719
1867 229 1638 12.27% 88.334250
1868 229 1639 12.26% 7.749911
1869 229 1640 12.25% 138.604719
1870 229 1641 12.25% 25.036753
1871 229 1642 12.24% 242.863912
1872 229 1643 12.23% 42.654804
1873 229 1644 12.23% 29.146376
1874 229 1645 12.22% 12.153747
1875 229 1646 12.21% 6.773620
1876 229 1647 12.21% 36.954821
1877 229 1648 12.20% 48.262618
1878 229 1649 12.19% 64.660018
1879 230 1649 12.24% 42.738266
1880 230 1650 12.23% 29.150854
1881 231 1650 12.28% 121.067838
1882 231 1651 12.27% 2.781983
1883 232 1651 12.32% 31.317068
1884 232 1652 12.31% 269.165484
1885 232 1653 12.31% 9.550403
1886 232 1654 12.30% 28.606239
1887 233 1654 12.35% 7.461145
1888 234 1654 12.39% 15.655939
1889 234 1655 12.39% 185.949275
1890 234 1656 12.38% 5.428075
1891 235 1656 12.43% 30.868165
1892 236 1656 12.47% 145.737228
1893 236 1657 12.47% 60.096591
1894 236 1658 12.46% 145.703680
1895 236 1659 12.45% 28.029691
1896 236 1660 12.45% 49.140124
1897 236 1661 12.44% 39.013617
1898 237 1661 12.49% 184.536204
1899 237 1662 12.48% 155.808404
1900 237 1663 12.47% 30.719814
1901 237 1664 12.47% 70.885010
1902 237 1665 12.46% 297.720429
1903 237 1666 12.45% 58.822066
1904 237 1667 12.45% 44.055301
1905 237 1668 12.44% 31.212874
1906 237 1669 12.43% 17.166449
1907 237 1670 12.43% 57.923698
1908 237 1671 12.42% 200.047425
1909 238 1671 12.47% 61.221262
1910 239 1671 12.51% 15.465343
1911 239 1672 12.51% 28.858717
1912 239 1673 12.50% 31.402338
1913 239 1674 12.49% 25.636223
1914 239 1675 12.49% 14.960072
1915 239 1676 12.48% 18.279966
1916 239 1677 12.47% 36.624821
1917 239 1678 12.47% 4.068668
1918 239 1679 12.46% 127.549397
1919 239 1680 12.45% 42.997875
1920 240 1680 12.50% 436.572027
1921 240 1681 12.49% 44.140743
1922 240 1682 12.49% 354.271602
1923 240 1683 12.48% 25.296996
1924 240 1684 12.47% 327.854210
1925 240 1685 12.47% 153.476529
1926 240 1686 12.46% 148.227938
1927 240 1687 12.45% 56.355403
1928 240 1688 12.45% 34.636759
1929 240 1689 12.44% 53.917468
1930 240 1690 12.44% 47.887719
1931 240 1691 12.43% 89.311025
1932 240 1692 12.42% 18.985799
1933 240 1693 12.42% 2.846921
1934 240 1694 12.41% 60.207379
1935 240 1695 12.40% 31.653923
1936 240 1696 12.40% 2.857650
1937 240 1697 12.39% 55.428064
1938 240 1698 12.38% 279.004821
1939 240 1699 12.38% 135.782855
1940 240 1700 12.37% 25.170713
1941 240 1701 12.36% 68.210950
1942 240 1702 12.36% 22.803602
1943 240 1703 12.35% 34.317078
1944 240 1704 12.35% 41.626460
1945 240 1705 12.34% 19.488896
1946 240 1706 12.33% 190.704766
1947 240 1707 12.33% 29.915328
1948 240 1708 12.32% 106.131080
1949 240 1709 12.31% 27.175545
1950 240 1710 12.31% 34.298953
1951 240 1711 12.30% 32.126008
1952 240 1712 12.30% 161.127283
1953 240 1713 12.29% 94.703695
1954 240 1714 12.28% 81.160771
1955 240 1715 12.28% 8.312096
1956 240 1716 12.27% 13.951875
1957 240 1717 12.26% 159.513054
1958 240 1718 12.26% 221.102008
1959 240 1719 12.25% 74.952913
1960 240 1720 12.24% 322.905627
1961 240 1721 12.24% 19.281821
1962 240 1722 12.23% 8.577881
1963 240 1723 12.23% 38.640686
1964 240 1724 12.22% 19.449691
1965 240 1725 12.21% 396.068575
1966 240 1726 12.21% 191.380062
1967 240 1727 12.20% 98.711499
1968 240 1728 12.20% 32.867439
1969 240 1729 12.19% 103.802585
1970 240 1730 12.18% 18.571757
1971 240 1731 12.18% 23.015777
1972 240 1732 12.17% 19.367208
1973 240 1733 12.16% 214.869666
1974 240 1734 12.16% 40.627096
1975 240 1735 12.15% 13.898502
1976 240 1736 12.15% 15.082340
1977 240 1737 12.14% 27.222976
1978 240 1738 12.13% 59.236141
1979 240 1739 12.13% 441.990140
1980 240 1740 12.12% 127.119557
1981 240 1741 12.12% 143.720902
1982 240 1742 12.11% 44.071011
1983 240 1743 12.10% 28.900371
1984 240 1744 12.10% 38.077085
1985 240 1745 12.09% 132.600647
1986 240 1746 12.08% 2.877933
1987 240 1747 12.08% 34.488626
1988 240 1748 12.07% 34.646608
1989 240 1749 12.07% 44.741835
1990 240 1750 12.06% 102.461431
1991 240 1751 12.05% 2.831885
1992 240 1752 12.05% 73.579733
1993 240 1753 12.04% 59.587838
1994 240 1754 12.04% 102.896924
1995 240 1755 12.03% 455.073764
1996 240 1756 12.02% 2.828366
1997 240 1757 12.02% 2.812686
1998 241 1757 12.06% 16.152984
1999 241 1758 12.06% 466.568636
2000 241 1759 12.05% 7.669787
2001 241 1760 12.04% 27.238238
2002 241 1761 12.04% 6.813862
2003 241 1762 12.03% 11.171490
2004 241 1763 12.03% 16.350060
2005 241 1764 12.02% 18.095118
2006 241 1765 12.01% 44.294193
2007 241 1766 12.01% 161.834964
2008 241 1767 12.00% 34.922460
2009 241 1768 12.00% 119.262427
2010 241 1769 11.99% 176.213911
2011 241 1770 11.98% 48.030990
2012 241 1771 11.98% 56.451847
2013 241 1772 11.97% 367.406188
2014 241 1773 11.97% 33.636082
2015 241 1774 11.96% 104.063224
2016 241 1775 11.95% 18.761799
2017 241 1776 11.95% 144.181809
2018 242 1776 11.99% 426.865929
2019 242 1777 11.99% 136.703259
2020 242 1778 11.98% 8.580895
2021 242 1779 11.97% 192.319394
2022 242 1780 11.97% 22.579153
2023 242 1781 11.96% 44.566097
2024 242 1782 11.96% 16.497714
2025 242 1783 11.95% 215.467274
2026 242 1784 11.94% 324.067582
2027 242 1785 11.94% 191.172462
2028 242 1786 11.93% 26.236465
2029 242 1787 11.93% 135.013028
2030 242 1788 11.92% 412.709294
2031 242 1789 11.92% 11.671383
2032 242 1790 11.91% 103.415239
2033 242 1791 11.90% 33.687125
2034 242 1792 11.90% 265.942905
2035 242 1793 11.89% 53.026164
2036 242 1794 11.89% 5.687528
2037 242 1795 11.88% 120.189668
2038 242 1796 11.87% 39.563765
2039 242 1797 11.87% 11.252641
2040 242 1798 11.86% 40.621706
2041 242 1799 11.86% 16.728905
2042 242 1800 11.85% 383.212216
2043 242 1801 11.85% 147.512952
2044 242 1802 11.84% 57.085414
2045 243 1802 11.88% 44.903236
2046 243 1803 11.88% 59.241537
2047 243 1804 11.87% 32.826850
2048 243 1805 11.87% 191.162082
2049 243 1806 11.86% 10.877300
2050 243 1807 11.85% 57.385104
2051 243 1808 11.85% 27.067515
2052 243 1809 11.84% 11.399775
2053 243 1810 11.84% 185.422222
2054 243 1811 11.83% 37.764376
2055 243 1812 11.82% 2.752984
2056 243 1813 11.82% 162.184431
2057 243 1814 11.81% 27.221094
2058 243 1815 11.81% 87.987395
2059 243 1816 11.80% 153.330207
2060 243 1817 11.80% 7.174804
2061 243 1818 11.79% 88.542283
2062 243 1819 11.78% 134.911467
2063 243 1820 11.78% 264.350423
2064 243 1821 11.77% 14.976575
2065 243 1822 11.77% 103.425690
2066 243 1823 11.76% 44.856825
2067 243 1824 11.76% 73.031033
2068 243 1825 11.75% 15.170861
2069 243 1826 11.74% 24.557370
2070 243 1827 11.74% 392.308161
2071 243 1828 11.73% 207.036860
2072 243 1829 11.73% 2.850515
2073 243 1830 11.72% 81.417780
2074 243 1831 11.72% 15.878785
2075 243 1832 11.71% 48.189623
2076 243 1833 11.71% 2.840826
2077 243 1834 11.70% 20.793455
2078 243 1835 11.69% 73.574524
2079 243 1836 11.69% 86.278915
2080 243 1837 11.68% 31.292598
2081 243 1838 11.68% 43.948903
2082 243 1839 11.67% 56.595326
2083 243 1840 11.67% 91.601358
2084 243 1841 11.66% 6.737152
2085 243 1842 11.65% 7.292520
2086 243 1843 11.65% 91.718414
2087 243 1844 11.64% 28.920590
2088 243 1845 11.64% 38.576206
2089 243 1846 11.63% 271.899778
2090 243 1847 11.63% 253.664405
2091 243 1848 11.62% 56.987254
2092 243 1849 11.62% 8.031271
2093 243 1850 11.61% 656.204649
2094 243 1851 11.60% 56.634597
2095 243 1852 11.60% 7.977172
2096 243 1853 11.59% 29.087644
2097 243 1854 11.59% 11.063272
2098 243 1855 11.58% 353.548900
2099 243 1856 11.58% 85.685512
2100 243 1857 11.57% 244.624226
2101 243 1858 11.57% 61.641109
2102 243 1859 11.56% 222.001066
2103 243 1860 11.55% 141.421157
2104 243 1861 11.55% 102.005266
2105 243 1862 11.54% 23.060643
2106 243 1863 11.54% 11.773684
2107 243 1864 11.53% 20.648338
2108 243 1865 11.53% 85.046188
2109 243 1866 11.52% 14.872766
2110 243 1867 11.52% 9.040798
2111 243 1868 11.51% 12.083987
2112 243 1869 11.51% 26.081003
2113 243 1870 11.50% 12.209090
2114 243 1871 11.49% 5.209524
2115 243 1872 11.49% 61.366944
2116 243 1873 11.48% 144.499409
2117 243 1874 11.48% 71.679123
2118 244 1874 11.52% 15.842785
2119 244 1875 11.51% 183.425200
2120 244 1876 11.51% 92.029549
2121 244 1877 11.50% 11.147385
2122 244 1878 11.50% 84.078237
2123 244 1879 11.49% 9.513221
2124 244 1880 11.49% 18.547377
2125 244 1881 11.48% 227.128359
2126 244 1882 11.48% 62.268104
2127 244 1883 11.47% 35.823463
2128 244 1884 11.47% 58.364870
2129 244 1885 11.46% 71.050593
