1 0 100.00% 0.228926
2 0 100.00% 0.391608
3 0 100.00% 0.238229
4 0 100.00% 0.229489
5 0 100.00% 0.346131
6 0 100.00% 0.899254
7 0 100.00% 0.778558
8 0 100.00% 0.930911
8 1 88.89% 0.065695
9 1 90.00% 0.717122
9 2 81.82% 0.226687
10 2 83.33% 0.217706
11 2 84.62% 0.489768
12 2 85.71% 0.470577
13 2 86.67% 0.346889
14 2 87.50% 0.218422
15 2 88.24% 0.224808
16 2 88.89% 0.464949
17 2 89.47% 0.635982
18 2 90.00% 0.539643
19 2 90.48% 0.476137
20 2 90.91% 0.369894
21 2 91.30% 0.283205
22 2 91.67% 0.221465
23 2 92.00% 0.242821
24 2 92.31% 0.793002
25 2 92.59% 0.365570
26 2 92.86% 0.516973
27 2 93.10% 0.667511
27 3 90.00% 0.224072
28 3 90.32% 0.300547
29 3 90.62% 0.323111
30 3 90.91% 1.245802
31 3 91.18% 0.219324
32 3 91.43% 0.656902
33 3 91.67% 0.222672
34 3 91.89% 0.489079
35 3 92.11% 0.638021
36 3 92.31% 0.324411
37 3 92.50% 0.226218
38 3 92.68% 0.317075
39 3 92.86% 0.249346
40 3 93.02% 0.211178
41 3 93.18% 0.216724
42 3 93.33% 0.230892
43 3 93.48% 0.228269
44 3 93.62% 0.224599
45 3 93.75% 0.223163
46 3 93.88% 0.212452
47 3 94.00% 0.434346
48 3 94.12% 0.212634
49 3 94.23% 0.292275
50 3 94.34% 0.186418
51 3 94.44% 0.208400
52 3 94.55% 0.242026
53 3 94.64% 0.253166
54 3 94.74% 0.214876
55 3 94.83% 0.198663
56 3 94.92% 0.241512
57 3 95.00% 0.125571
