1 0 100.00% 7.926985
2 0 100.00% 11.677162
3 0 100.00% 4.788757
4 0 100.00% 8.048311
5 0 100.00% 20.617910
6 0 100.00% 26.075294
7 0 100.00% 15.793863
7 1 87.50% 23.789601
7 2 77.78% 4.307673
7 3 70.00% 18.203484
8 3 72.73% 4.963450
9 3 75.00% 3.152358
9 4 69.23% 8.631977
9 5 64.29% 13.703140
10 5 66.67% 13.571534
11 5 68.75% 7.536221
12 5 70.59% 2.488151
13 5 72.22% 12.473424
13 6 68.42% 10.263625
13 7 65.00% 16.404162
13 8 61.90% 39.051040
13 9 59.09% 20.892522
13 10 56.52% 8.760649
13 11 54.17% 10.333544
13 12 52.00% 7.065935
13 13 50.00% 23.301191
13 14 48.15% 20.199498
13 15 46.43% 23.746820
14 15 48.28% 21.456404
15 15 50.00% 2.734337
16 15 51.61% 4.352306
17 15 53.12% 14.675890
18 15 54.55% 35.871288
18 16 52.94% 12.528098
19 16 54.29% 18.998810
20 16 55.56% 12.827581
20 17 54.05% 9.596067
20 18 52.63% 23.265668
21 18 53.85% 17.337595
22 18 55.00% 8.910222
23 18 56.10% 19.094844
24 18 57.14% 11.586354
25 18 58.14% 4.838509
26 18 59.09% 10.672376
27 18 60.00% 11.520812
28 18 60.87% 5.882934
29 18 61.70% 12.633697
29 19 60.42% 10.776405
30 19 61.22% 2.405228
31 19 62.00% 6.902054
31 20 60.78% 2.681168
31 21 59.62% 7.376252
31 22 58.49% 2.587981
31 23 57.41% 2.375848
32 23 58.18% 6.135589
33 23 58.93% 4.649317
33 24 57.89% 3.903328
34 24 58.62% 2.361942
35 24 59.32% 3.016814
36 24 60.00% 1.228937
