1 0 100.00% 11.122870
2 0 100.00% 11.823664
3 0 100.00% 10.588414
4 0 100.00% 10.712572
6 0 100.00% 11.263166
7 0 100.00% 12.046287
8 1 88.89% 5.281935
9 1 90.00% 11.158612
9 2 81.82% 5.379471
9 3 75.00% 10.873334
10 3 76.92% 11.445014
11 3 78.57% 10.575460
12 3 80.00% 11.071306
13 3 81.25% 10.739919
14 3 82.35% 11.169800
15 3 83.33% 12.144441
16 3 84.21% 11.026531
18 3 85.71% 11.528740
19 3 86.36% 11.460284
20 3 86.96% 11.021503
22 3 88.00% 11.650990
23 3 88.46% 10.326833
26 3 89.66% 10.218500
26 4 86.67% 10.431491
27 4 87.10% 5.145768
28 4 87.50% 10.325664
29 4 87.88% 10.222128
31 4 88.57% 10.281414
32 4 88.89% 10.426539
34 4 89.47% 10.233925
36 4 90.00% 10.469943
37 4 90.24% 10.399105
38 4 90.48% 10.291530
38 5 88.37% 10.237547
39 5 88.64% 10.213909
40 5 88.89% 10.850533
43 5 89.58% 10.479768
44 5 89.80% 10.582105
46 5 90.20% 10.265921
48 5 90.57% 10.231778
49 5 90.74% 10.323062
50 5 90.91% 10.384706
51 5 91.07% 10.375166
52 5 91.23% 10.727303
54 5 91.53% 10.309210
55 5 91.67% 5.250783
