0
1
7 1 6 516780 5 11 2 8 1 6 
1
4 2 11 2210076 5 8 1 12 10 3 
1
1 3 5 418638 5 6 5 8 3 11 
1
7 4 8 302954 5 8 3 4 1 9 
2
2 5 19 1526100 5 4 8 10 6 5 
9 5 22 11421739 5 7 3 2 4 5 
0
1
4 7 19 5582363 5 10 7 6 9 8 
2
11 8 26 1142327 5 8 1 12 5 6 
4 8 10 601507 5 5 12 8 6 7 
1
1 9 23 2158812 5 6 12 4 3 9 
1
8 10 12 531588 5 4 12 9 5 3 
1
5 11 12 383440 5 7 9 6 3 8 
1
11 12 17 2441082 5 10 12 5 1 8 
1
1 13 22 2619115 5 12 8 10 4 2 
1
3 14 23 143975 5 10 4 12 11 1 
0
1
4 16 21 474295 5 7 6 11 2 9 
1
9 17 18 914367 5 3 12 6 1 10 
1
9 18 28 6335365 5 7 8 12 3 2 
1
11 19 27 1129503 5 2 3 9 1 6 
2
7 20 32 3889290 5 8 9 10 11 3 
9 20 52 345777 5 10 2 11 6 1 
1
12 21 37 156439 5 3 10 1 9 11 
0
1
6 23 29 1657943 5 10 9 12 7 4 
2
1 24 30 752334 5 7 4 10 8 11 
7 24 27 2076130 5 9 3 6 2 12 
1
11 25 44 5302144 5 9 10 5 7 12 
0
0
3
7 28 43 3055160 5 3 4 11 12 1 
5 28 46 2875984 5 11 3 7 1 12 
9 28 43 1434041 5 5 6 4 8 2 
1
8 29 30 366234 5 4 5 12 6 10 
1
8 30 32 112887 5 9 11 5 1 10 
0
1
7 32 42 3898776 5 1 5 6 8 11 
1
12 33 59 11604519 5 10 1 11 9 3 
2
3 34 43 407092 5 4 5 1 7 11 
10 34 49 3153512 5 12 9 8 4 5 
1
6 35 43 71568 5 3 1 11 2 8 
0
2
4 37 43 1561578 5 2 5 8 11 12 
1 37 53 1474415 5 8 11 2 3 12 
0
2
4 39 51 617805 5 9 10 11 5 7 
6 39 44 920 5 7 10 5 8 4 
1
10 40 55 620342 5 11 8 7 12 5 
1
8 41 50 1070546 5 4 3 5 2 10 
1
10 42 45 105341 5 11 4 2 7 9 
0
1
8 44 52 1263274 5 12 7 6 10 4 
0
1
5 46 55 1031276 5 12 2 8 10 4 
3
6 47 51 1252507 5 12 8 7 2 10 
10 47 57 1243535 5 12 9 5 6 2 
12 47 55 314194 5 8 2 9 11 10 
1
6 48 49 755343 5 12 3 8 9 5 
0
2
5 50 55 3276708 5 7 3 12 10 4 
8 50 51 947050 5 9 5 7 4 2 
0
2
11 52 57 756060 5 9 1 4 7 5 
7 52 53 343701 5 5 10 12 6 8 
1
10 53 54 220249 5 4 3 2 6 9 
0
1
9 55 59 902450 5 2 6 12 3 10 
1
6 56 59 615600 5 10 2 4 1 9 
1
12 57 59 134378 5 8 11 6 9 5 
2
8 58 59 254090 5 6 9 2 11 12 
4 58 59 636222 5 12 11 2 8 7 
1
11 59 59 156355 5 4 2 12 1 5 
