2 0 100.00% 96.574151
4 0 100.00% 96.462524
5 0 100.00% 95.626781
6 0 100.00% 95.937264
6 1 85.71% 96.327279
6 2 75.00% 96.423026
7 2 77.78% 96.306147
7 3 70.00% 47.976895
7 4 63.64% 96.319918
7 5 58.33% 95.908209
7 6 53.85% 96.440590
8 7 53.33% 95.984647
9 7 56.25% 96.198697
9 8 52.94% 96.480476
9 9 50.00% 95.998463
9 10 47.37% 47.914927
9 11 45.00% 96.356222
9 12 42.86% 96.772590
10 13 43.48% 95.991407
11 13 45.83% 96.050396
11 14 44.00% 47.993584
13 14 48.15% 96.206529
13 16 44.83% 95.801841
14 17 45.16% 96.338707
14 18 43.75% 95.916896
14 19 42.42% 48.408811
14 20 41.18% 48.155450
14 21 40.00% 96.635031
16 21 43.24% 96.359564
17 21 44.74% 96.663660
17 22 43.59% 96.141989
19 22 46.34% 97.583169
20 22 47.62% 96.353064
21 23 47.73% 96.132306
21 24 46.67% 95.913452
22 25 46.81% 96.356648
23 25 47.92% 96.240971
24 25 48.98% 96.781476
27 25 51.92% 97.314021
28 25 52.83% 97.191879
30 25 54.55% 96.594232
32 25 56.14% 96.861301
33 25 56.90% 96.225339
35 25 58.33% 47.932557
