1 0 100.00% 1.525394
2 0 100.00% 1.807155
3 0 100.00% 1.521743
4 0 100.00% 2.699522
5 0 100.00% 4.519348
6 0 100.00% 6.176706
6 1 85.71% 9.941079
6 2 75.00% 2.817674
7 2 77.78% 5.463268
7 3 70.00% 1.349439
7 4 63.64% 2.285071
7 5 58.33% 2.541270
8 5 61.54% 3.671316
9 5 64.29% 5.817031
10 5 66.67% 7.414100
11 5 68.75% 9.728849
12 5 70.59% 6.524114
12 6 66.67% 3.945815
12 7 63.16% 0.672465
12 8 60.00% 2.662348
12 9 57.14% 5.131540
12 10 54.55% 1.280106
13 10 56.52% 3.153903
14 10 58.33% 4.942025
15 10 60.00% 5.764628
16 10 61.54% 3.358261
17 10 62.96% 3.609860
17 11 60.71% 2.428416
17 12 58.62% 0.735803
18 12 60.00% 3.610395
18 13 58.06% 3.174564
19 13 59.38% 3.661734
19 14 57.58% 2.234718
20 14 58.82% 2.421934
21 14 60.00% 6.563581
22 14 61.11% 1.461693
22 15 59.46% 1.748123
23 15 60.53% 2.810720
24 15 61.54% 1.168094
25 15 62.50% 4.185402
26 15 63.41% 4.547820
27 15 64.29% 3.123825
27 16 62.79% 2.085617
28 16 63.64% 3.419430
29 16 64.44% 1.496139
29 17 63.04% 1.142700
30 17 63.83% 2.108397
31 17 64.58% 1.589612
32 17 65.31% 1.804546
33 17 66.00% 1.407847
34 17 66.67% 1.347367
35 17 67.31% 2.330073
36 17 67.92% 1.449645
37 17 68.52% 1.436917
38 17 69.09% 1.843195
39 17 69.64% 1.213196
40 17 70.18% 1.190802
41 17 70.69% 1.240698
42 17 71.19% 0.594867
43 17 71.67% 0.475310
