1 0 100.00% 47.271481
2 0 100.00% 17.276037
3 0 100.00% 57.327209
4 0 100.00% 14.968360
4 1 80.00% 39.852351
5 1 83.33% 34.721007
5 2 71.43% 49.670780
5 3 62.50% 20.112345
6 3 66.67% 47.248234
6 4 60.00% 12.980704
6 5 54.55% 9.907741
6 6 50.00% 9.943754
6 7 46.15% 24.654668
6 8 42.86% 42.586306
6 9 40.00% 54.889905
6 10 37.50% 94.568180
6 11 35.29% 29.965304
6 12 33.33% 20.429245
6 13 31.58% 17.720178
7 13 35.00% 15.558509
8 13 38.10% 24.733254
9 13 40.91% 10.091289
10 13 43.48% 42.590782
10 14 41.67% 62.302678
11 14 44.00% 32.941648
12 14 46.15% 40.091102
12 15 44.44% 17.442026
12 16 42.86% 14.978636
12 17 41.38% 4.897922
12 18 40.00% 75.139484
12 19 38.71% 15.015625
12 20 37.50% 14.931624
12 21 36.36% 13.317628
13 21 38.24% 17.353909
13 22 37.14% 39.818880
13 23 36.11% 7.365295
14 23 37.84% 7.346642
15 23 39.47% 17.407533
16 23 41.03% 4.947570
17 23 42.50% 34.924587
18 23 43.90% 44.875504
18 24 42.86% 34.742496
19 24 44.19% 7.673891
19 25 43.18% 40.745077
20 25 44.44% 4.993230
20 26 43.48% 5.035904
21 26 44.68% 30.107287
22 26 45.83% 9.955493
22 27 44.90% 17.585525
23 27 46.00% 12.464422
24 27 47.06% 4.978727
24 28 46.15% 14.922243
25 28 47.17% 17.483706
26 28 48.15% 14.711364
27 28 49.09% 14.932661
28 28 50.00% 7.660731
28 29 49.12% 4.875118
29 29 50.00% 4.959692
30 29 50.85% 2.613729
31 29 51.67% 2.380518
