0
2
9 1 19 1486934 10 1 7 3 2 6 4 10 12 11 5 
11 1 7 1139381 10 6 7 4 8 5 9 3 10 12 2 
0
2
7 3 25 1884617 10 5 9 8 10 12 1 2 6 4 3 
10 3 8 528825 10 4 6 9 11 2 1 8 12 5 3 
1
1 4 19 7049483 10 10 6 2 7 5 4 3 11 8 12 
1
9 5 18 9008769 10 4 10 6 2 7 8 12 5 3 11 
1
3 6 25 12194554 10 1 5 6 7 8 12 2 11 4 10 
1
1 7 14 364368 10 3 10 4 5 6 7 11 12 8 9 
1
9 8 26 1701079 10 10 2 6 8 11 1 12 4 5 7 
1
4 9 13 1303163 10 8 2 6 3 7 9 1 12 10 11 
1
11 10 13 1015435 10 3 4 10 2 5 12 9 6 1 7 
0
1
11 12 15 405131 10 10 1 12 8 4 2 3 6 9 7 
1
3 13 22 436054 10 2 6 10 8 12 4 1 9 11 7 
2
6 14 30 10804618 10 3 9 12 7 11 10 1 4 2 8 
8 14 35 555750 10 5 10 11 4 2 3 6 1 12 7 
1
3 15 52 10375307 10 5 7 6 11 9 1 2 4 8 10 
1
12 16 27 2938800 10 8 5 10 7 1 6 11 9 3 4 
1
11 17 24 166008 10 4 10 8 1 6 5 9 3 2 7 
1
4 18 24 4754360 10 11 12 10 2 6 9 7 5 1 8 
0
1
5 20 25 917365 10 7 12 11 9 1 10 6 4 8 3 
1
4 21 30 1975601 10 12 9 2 5 3 1 11 7 6 10 
2
2 22 25 1019167 10 11 8 9 7 4 3 1 10 12 5 
11 22 38 422370 10 9 7 1 12 6 8 4 2 5 3 
1
5 23 47 590702 10 12 3 8 2 6 4 9 1 10 11 
1
9 24 36 3849908 10 11 2 8 3 10 1 7 4 5 12 
0
0
2
9 27 42 472339 10 6 11 12 5 8 7 10 4 2 3 
11 27 33 398500 10 9 4 1 6 12 7 8 5 10 2 
2
4 28 33 2339267 10 5 2 3 6 1 8 12 9 11 10 
2 28 29 200116 10 5 12 1 11 6 7 3 10 8 4 
0
2
3 30 59 1126650 10 4 8 5 12 10 2 7 6 1 9 
7 30 35 871324 10 2 11 3 10 6 9 12 5 1 4 
1
1 31 36 1365637 10 7 3 12 5 6 9 8 4 11 10 
1
7 32 36 1379542 10 3 9 6 2 11 1 4 5 10 8 
1
4 33 39 370922 10 5 8 1 3 11 2 6 9 12 10 
1
2 34 49 8897200 10 12 8 6 7 9 1 10 3 11 4 
0
2
12 36 38 113429 10 10 3 1 2 9 8 7 11 5 6 
9 36 38 74208 10 2 4 10 5 3 6 8 12 7 1 
1
10 37 43 904297 10 5 6 4 3 9 8 2 12 7 1 
0
1
5 39 40 526019 10 2 4 3 6 12 10 1 8 11 7 
2
9 40 53 732603 10 10 3 11 12 4 2 7 5 1 6 
8 40 57 5350924 10 3 10 1 11 6 9 7 4 2 5 
1
6 41 54 1398136 10 8 12 7 5 2 3 11 9 10 4 
0
0
2
10 44 46 177677 10 8 12 1 9 11 4 3 6 7 2 
4 44 59 256468 10 11 8 12 3 10 2 5 7 9 1 
1
11 45 46 7463 10 3 1 6 8 12 4 5 7 2 9 
2
11 46 47 571191 10 4 10 1 12 5 8 7 3 6 2 
4 46 57 36274 10 1 11 2 8 12 3 10 5 6 9 
1
6 47 50 28323 10 11 7 3 10 4 8 1 2 5 9 
0
0
1
5 50 56 2534093 10 2 11 12 4 6 8 1 7 3 10 
3
2 51 55 221413 10 8 9 3 4 5 7 1 10 11 6 
11 51 52 223528 10 10 2 9 12 3 7 8 5 4 1 
6 51 56 3045145 10 5 11 9 2 7 8 10 4 12 1 
1
8 52 58 146636 10 6 2 3 1 12 10 9 7 5 4 
0
2
9 54 59 1515777 10 8 3 10 2 7 5 11 6 12 1 
12 54 59 746747 10 10 1 7 5 9 4 8 11 6 3 
0
2
2 56 58 529465 10 1 6 9 11 10 8 3 4 12 5 
8 56 57 65764 10 5 2 12 4 6 10 7 11 9 1 
0
1
11 58 59 37252 10 2 4 3 9 1 5 6 8 12 10 
2
9 59 59 131574 10 8 4 1 11 6 3 7 12 5 2 
5 59 59 225755 10 9 7 11 12 3 4 6 8 10 1 
