1 0 100.00% 0.530879
1 1 50.00% 1.417968
2 1 66.67% 0.201091
3 1 75.00% 0.204162
4 1 80.00% 1.999766
4 2 66.67% 2.318805
4 3 57.14% 1.278881
4 4 50.00% 0.037531
4 5 44.44% 0.213069
5 5 50.00% 1.099044
5 6 45.45% 1.141345
5 7 41.67% 1.597305
6 7 46.15% 2.327128
6 8 42.86% 1.562591
6 9 40.00% 2.144813
7 9 43.75% 2.300156
7 10 41.18% 0.547040
7 11 38.89% 0.737102
7 12 36.84% 0.145303
7 13 35.00% 0.511743
7 14 33.33% 0.403830
7 15 31.82% 0.162194
7 16 30.43% 0.267960
7 17 29.17% 1.510151
7 18 28.00% 0.324849
7 19 26.92% 0.181861
7 20 25.93% 1.143603
7 21 25.00% 0.793663
7 22 24.14% 0.448720
7 23 23.33% 0.897437
7 24 22.58% 0.046696
7 25 21.88% 0.232420
7 26 21.21% 0.638383
7 27 20.59% 0.304250
7 28 20.00% 0.175753
7 29 19.44% 0.070021
7 30 18.92% 0.212851
7 31 18.42% 0.300658
7 32 17.95% 0.101479
7 33 17.50% 0.467761
8 33 19.51% 0.150448
8 34 19.05% 0.594658
8 35 18.60% 0.411188
9 35 20.45% 0.587428
10 35 22.22% 0.754664
10 36 21.74% 0.205944
10 37 21.28% 0.272845
10 38 20.83% 0.037517
10 39 20.41% 0.435485
10 40 20.00% 0.454287
10 41 19.61% 0.284699
11 41 21.15% 0.236438
12 41 22.64% 0.177305
13 41 24.07% 0.195809
13 42 23.64% 0.102303
14 42 25.00% 0.208749
14 43 24.56% 0.119867
14 44 24.14% 0.064759
14 45 23.73% 0.043805
15 45 25.00% 0.114921
