1 0 100.00% 0.038191
2 0 100.00% 0.015110
3 0 100.00% 0.009847
4 0 100.00% 0.009467
5 0 100.00% 0.010946
6 0 100.00% 0.011940
7 0 100.00% 0.042542
8 0 100.00% 0.024232
9 0 100.00% 0.017958
10 0 100.00% 0.025937
11 0 100.00% 0.020457
12 0 100.00% 0.022991
13 0 100.00% 0.018675
14 0 100.00% 0.043775
15 0 100.00% 0.014588
16 0 100.00% 0.016795
17 0 100.00% 0.015463
18 0 100.00% 0.011631
19 0 100.00% 0.014305
20 0 100.00% 0.013658
21 0 100.00% 0.017338
22 0 100.00% 0.016711
23 0 100.00% 0.016542
24 0 100.00% 0.013980
25 0 100.00% 0.012521
26 0 100.00% 0.012217
27 0 100.00% 0.013648
28 0 100.00% 0.012096
29 0 100.00% 0.013342
30 0 100.00% 0.013311
31 0 100.00% 0.012710
32 0 100.00% 0.015591
33 0 100.00% 0.013223
34 0 100.00% 0.013058
35 0 100.00% 0.012923
36 0 100.00% 0.013709
37 0 100.00% 0.019161
38 0 100.00% 0.014437
39 0 100.00% 0.013586
40 0 100.00% 0.014380
41 0 100.00% 0.020425
42 0 100.00% 0.023366
43 0 100.00% 0.015425
44 0 100.00% 0.015015
45 0 100.00% 0.014326
46 0 100.00% 0.017952
47 0 100.00% 0.019097
48 0 100.00% 0.021824
49 0 100.00% 0.020215
50 0 100.00% 0.016728
51 0 100.00% 0.019713
52 0 100.00% 0.017895
53 0 100.00% 0.021036
54 0 100.00% 0.020919
55 0 100.00% 0.016875
56 0 100.00% 0.015452
57 0 100.00% 0.017448
58 0 100.00% 0.017189
59 0 100.00% 0.018845
