2 0 100.00% 0.575045
3 0 100.00% 0.535932
4 0 100.00% 0.459192
5 0 100.00% 0.449302
6 0 100.00% 0.393968
7 0 100.00% 0.444756
9 0 100.00% 0.490756
10 0 100.00% 0.447408
12 0 100.00% 0.511385
13 0 100.00% 0.465375
15 0 100.00% 0.442744
16 0 100.00% 0.442287
18 0 100.00% 0.427298
19 0 100.00% 0.441443
20 0 100.00% 0.455000
21 0 100.00% 0.514784
24 0 100.00% 0.401544
26 0 100.00% 0.416719
27 0 100.00% 0.462072
29 0 100.00% 0.442048
30 0 100.00% 0.636331
32 0 100.00% 0.418251
33 0 100.00% 0.541564
34 0 100.00% 0.417063
35 0 100.00% 0.417220
36 0 100.00% 0.396603
37 0 100.00% 0.439753
38 0 100.00% 0.416544
40 0 100.00% 0.615051
41 0 100.00% 0.525300
42 0 100.00% 0.469788
43 0 100.00% 0.478089
44 0 100.00% 0.429911
45 0 100.00% 0.465189
47 0 100.00% 0.431855
48 0 100.00% 0.462664
50 0 100.00% 0.517488
51 0 100.00% 0.458163
52 0 100.00% 0.428508
53 0 100.00% 0.463076
55 0 100.00% 0.556148
56 0 100.00% 0.627891
57 0 100.00% 0.461201
59 0 100.00% 0.222736
