1 0 100.00% 10.302906
2 0 100.00% 3.039468
3 0 100.00% 3.178660
4 0 100.00% 5.186086
4 1 80.00% 11.458686
5 1 83.33% 0.524702
6 1 85.71% 3.743864
6 2 75.00% 2.970274
6 3 66.67% 1.023423
6 4 60.00% 1.750732
7 4 63.64% 1.750892
8 4 66.67% 2.222356
9 4 69.23% 5.433307
10 4 71.43% 2.646110
11 4 73.33% 0.535473
12 4 75.00% 2.145180
13 4 76.47% 5.387704
14 4 77.78% 2.382339
15 4 78.95% 5.609210
16 4 80.00% 5.591645
17 4 80.95% 7.454879
18 4 81.82% 1.324336
19 4 82.61% 3.492170
20 4 83.33% 1.458269
21 4 84.00% 0.487424
22 4 84.62% 4.683941
23 4 85.19% 1.714908
24 4 85.71% 1.894511
25 4 86.21% 1.139603
26 4 86.67% 1.764358
27 4 87.10% 0.604145
28 4 87.50% 3.432919
29 4 87.88% 2.247433
30 4 88.24% 0.848501
31 4 88.57% 1.990748
32 4 88.89% 0.858792
33 4 89.19% 5.928169
34 4 89.47% 1.628312
35 4 89.74% 1.389290
36 4 90.00% 5.409393
37 4 90.24% 2.574497
38 4 90.48% 3.396709
39 4 90.70% 1.273378
40 4 90.91% 1.668681
41 4 91.11% 0.739851
42 4 91.30% 2.450297
43 4 91.49% 1.635224
44 4 91.67% 0.971116
45 4 91.84% 1.055521
46 4 92.00% 1.838722
47 4 92.16% 0.938590
48 4 92.31% 0.730664
49 4 92.45% 0.476464
50 4 92.59% 1.239610
51 4 92.73% 0.854418
52 4 92.86% 0.936564
53 4 92.98% 1.124454
54 4 93.10% 0.433804
55 4 93.22% 0.238082
