0
2
9 1 38 6083496 1 10 
1 1 10 2722361 1 11 
1
1 2 14 76515 1 3 
1
5 3 21 2735137 1 7 
1
1 4 46 240679 1 9 
0
1
6 6 7 217452 1 5 
1
12 7 21 4448377 1 3 
2
11 8 18 14117 1 6 
5 8 10 637665 1 8 
0
1
6 10 16 5331 1 12 
2
6 11 17 346083 1 12 
7 11 19 464708 1 1 
1
8 12 33 56735 1 4 
0
2
8 14 22 4033522 1 6 
1 14 15 380442 1 2 
0
1
2 16 24 799697 1 1 
2
11 17 35 1332249 1 8 
6 17 22 3025764 1 7 
1
12 18 33 468451 1 2 
1
8 19 38 992760 1 2 
0
0
1
6 22 51 5942799 1 2 
3
7 23 27 2509324 1 3 
7 23 35 1248024 1 5 
1 23 28 597246 1 11 
0
2
12 25 26 490255 1 6 
2 25 43 983073 1 9 
0
1
2 27 32 692598 1 8 
2
5 28 34 415168 1 10 
11 28 31 525685 1 8 
1
3 29 34 830307 1 4 
0
2
6 31 32 291025 1 3 
6 31 42 4714000 1 11 
1
4 32 39 903562 1 9 
1
12 33 35 441633 1 6 
1
12 34 40 131667 1 5 
1
4 35 37 503195 1 5 
1
9 36 57 7238930 1 11 
1
4 37 41 933318 1 6 
0
2
7 39 42 717348 1 1 
9 39 59 694075 1 6 
1
5 40 48 6367598 1 6 
1
11 41 52 3947397 1 9 
0
1
8 43 46 1436244 1 12 
1
2 44 49 718905 1 4 
1
5 45 47 274124 1 6 
2
5 46 54 2668221 1 1 
1 46 51 534274 1 8 
1
8 47 49 1163017 1 5 
0
2
5 49 51 307606 1 8 
3 49 54 723592 1 10 
0
1
10 51 53 104828 1 3 
1
9 52 53 109323 1 6 
0
1
2 54 55 11709 1 10 
2
9 55 58 306620 1 5 
1 55 56 679592 1 8 
1
10 56 58 245817 1 3 
1
5 57 59 324588 1 2 
0
2
3 59 59 539432 1 2 
5 59 59 29539 1 6 
