0 1 0.00% 1.561664
1 1 50.00% 1.361829
2 1 66.67% 1.752841
2 2 50.00% 1.084218
2 3 40.00% 2.744547
2 4 33.33% 1.566505
2 5 28.57% 2.752405
2 6 25.00% 3.718170
3 6 33.33% 0.755667
3 7 30.00% 1.425231
4 7 36.36% 0.969266
5 7 41.67% 0.725187
6 7 46.15% 0.927560
7 7 50.00% 1.100642
8 7 53.33% 1.190960
8 8 50.00% 0.292625
8 9 47.06% 0.957083
9 9 50.00% 0.639569
9 10 47.37% 2.261627
9 11 45.00% 0.258284
10 11 47.62% 0.471135
11 11 50.00% 0.470100
12 11 52.17% 0.473006
13 11 54.17% 0.754969
14 11 56.00% 0.493507
15 11 57.69% 0.470322
16 11 59.26% 1.691695
16 12 57.14% 0.150504
17 12 58.62% 0.724081
17 13 56.67% 1.563468
18 13 58.06% 0.697799
18 14 56.25% 0.237883
18 15 54.55% 0.074442
19 15 55.88% 0.620747
19 16 54.29% 0.144483
19 17 52.78% 0.107156
