1
6 0 7 18742 7 2 5 7 12 9 1 4 
0
0
3
6 3 17 11080 7 8 12 3 4 7 9 2 
8 3 11 7875 7 6 11 1 9 2 3 7 
1 3 19 82538 7 4 11 3 12 8 5 6 
1
1 4 24 45784 7 8 2 5 11 10 6 12 
1
1 5 14 14807 7 11 10 8 6 9 7 3 
1
9 6 19 34480 7 8 10 7 6 12 2 4 
0
1
9 8 26 37813 7 8 12 1 3 10 11 4 
0
2
3 10 19 4343 7 4 6 11 7 2 1 5 
2 10 19 17204 7 10 4 3 12 9 5 7 
1
9 11 31 4401 7 6 1 3 4 7 2 10 
2
10 12 15 1031 7 6 1 2 7 3 8 4 
6 12 17 4050 7 9 2 3 8 5 11 4 
1
2 13 20 5194 7 4 12 3 5 11 1 6 
1
12 14 31 5947 7 6 8 3 7 5 9 2 
1
11 15 17 5310 7 2 7 12 6 1 4 8 
1
4 16 29 48298 7 9 12 6 3 1 8 7 
0
1
8 18 22 3145 7 12 6 7 10 11 9 5 
1
8 19 32 34287 7 6 12 9 5 4 2 1 
2
9 20 21 7900 7 11 2 1 6 5 3 8 
7 20 23 142 7 12 9 1 11 3 6 10 
1
9 21 22 127 7 1 10 6 8 2 11 12 
0
2
10 23 30 72 7 1 4 3 2 12 9 8 
2 23 28 4930 7 7 6 9 12 5 8 11 
0
0
3
9 26 32 267 7 10 2 4 3 8 1 12 
7 26 27 635 7 4 3 9 5 6 8 1 
2 26 35 9479 7 12 7 8 10 1 11 6 
0
2
2 28 29 3292 7 12 9 11 5 6 7 3 
9 28 30 620 7 11 3 12 1 5 10 2 
1
4 29 35 8103 7 7 3 11 12 2 5 1 
1
8 30 33 1022 7 7 11 10 9 12 1 3 
1
2 31 32 2780 7 5 1 3 8 12 7 9 
1
3 32 33 8532 7 8 1 11 9 7 10 12 
1
8 33 35 3110 7 7 5 10 1 12 9 11 
1
9 34 35 10142 7 4 6 10 1 2 8 12 
1
10 35 35 2972 7 4 9 5 12 6 3 1 
