1 0 100.00% 0.150744
2 0 100.00% 0.167776
2 1 66.67% 0.075089
3 1 75.00% 0.642267
4 1 80.00% 0.398766
4 2 66.67% 0.649308
4 3 57.14% 0.534948
4 4 50.00% 0.098269
4 5 44.44% 0.088222
5 5 50.00% 0.541961
5 6 45.45% 0.035822
6 6 50.00% 0.534899
6 7 46.15% 0.197163
6 8 42.86% 0.035461
7 8 46.67% 0.502617
7 9 43.75% 0.171204
7 10 41.18% 0.082027
7 11 38.89% 0.146810
8 11 42.11% 0.500548
8 12 40.00% 0.118493
8 13 38.10% 0.047992
9 13 40.91% 0.461593
9 14 39.13% 0.240709
9 15 37.50% 0.149915
9 16 36.00% 0.048801
9 17 34.62% 0.141072
9 18 33.33% 0.100586
10 18 35.71% 0.651449
10 19 34.48% 0.257257
10 20 33.33% 0.167347
11 20 35.48% 0.183133
11 21 34.38% 0.176069
11 22 33.33% 0.150804
11 23 32.35% 0.128532
11 24 31.43% 0.388168
11 25 30.56% 0.159895
11 26 29.73% 0.582258
12 26 31.58% 0.759065
12 27 30.77% 0.483892
12 28 30.00% 0.100278
12 29 29.27% 0.048155
12 30 28.57% 0.231752
12 31 27.91% 0.499127
12 32 27.27% 0.078829
12 33 26.67% 0.607865
12 34 26.09% 0.069682
12 35 25.53% 0.166589
12 36 25.00% 0.342121
12 37 24.49% 0.174788
12 38 24.00% 0.560688
12 39 23.53% 0.072996
12 40 23.08% 0.402800
12 41 22.64% 0.036647
12 42 22.22% 0.052401
12 43 21.82% 0.143755
12 44 21.43% 0.204115
12 45 21.05% 0.127046
12 46 20.69% 0.067688
12 47 20.34% 0.416368
12 48 20.00% 0.279854
12 49 19.67% 0.191014
13 49 20.97% 0.411658
14 49 22.22% 0.619564
14 50 21.88% 0.223761
14 51 21.54% 0.139551
14 52 21.21% 0.316417
15 52 22.39% 0.685019
15 53 22.06% 0.624016
15 54 21.74% 0.109432
15 55 21.43% 0.049737
15 56 21.13% 0.290718
16 56 22.22% 0.582171
16 57 21.92% 0.162273
16 58 21.62% 0.279346
16 59 21.33% 0.125712
16 60 21.05% 0.111577
16 61 20.78% 0.083396
16 62 20.51% 0.074007
16 63 20.25% 0.072288
16 64 20.00% 0.300390
16 65 19.75% 0.085118
16 66 19.51% 0.053359
16 67 19.28% 0.134695
16 68 19.05% 0.246221
16 69 18.82% 0.339922
16 70 18.60% 0.462770
17 70 19.54% 0.765208
17 71 19.32% 0.331932
18 71 20.22% 0.238554
18 72 20.00% 0.479109
18 73 19.78% 0.354265
18 74 19.57% 0.067125
18 75 19.35% 0.445487
18 76 19.15% 0.366157
18 77 18.95% 0.212417
18 78 18.75% 0.074758
18 79 18.56% 0.051245
18 80 18.37% 0.305389
18 81 18.18% 0.111564
18 82 18.00% 0.196289
18 83 17.82% 0.188187
18 84 17.65% 0.316289
18 85 17.48% 0.091259
18 86 17.31% 0.352936
18 87 17.14% 0.339788
18 88 16.98% 0.064009
18 89 16.82% 0.062559
18 90 16.67% 0.334299
18 91 16.51% 0.082564
19 91 17.27% 0.425114
19 92 17.12% 0.056479
19 93 16.96% 0.091210
19 94 16.81% 0.340657
19 95 16.67% 0.132012
19 96 16.52% 0.167971
19 97 16.38% 0.037563
19 98 16.24% 0.379427
19 99 16.10% 0.103286
19 100 15.97% 0.083650
19 101 15.83% 0.353688
19 102 15.70% 0.055395
19 103 15.57% 0.059451
19 104 15.45% 0.134615
19 105 15.32% 0.144780
19 106 15.20% 0.197182
19 107 15.08% 0.151126
19 108 14.96% 0.089854
19 109 14.84% 0.182925
19 110 14.73% 0.055260
19 111 14.62% 0.067903
20 111 15.27% 0.356697
21 111 15.91% 0.172270
21 112 15.79% 0.105203
21 113 15.67% 0.190506
21 114 15.56% 0.042749
22 114 16.18% 0.237180
22 115 16.06% 0.094643
23 115 16.67% 0.241711
23 116 16.55% 0.197975
23 117 16.43% 0.121035
23 118 16.31% 0.037713
23 119 16.20% 0.110750
24 119 16.78% 0.290532
24 120 16.67% 0.080031
24 121 16.55% 0.037368
24 122 16.44% 0.131759
24 123 16.33% 0.187632
25 123 16.89% 0.243748
25 124 16.78% 0.245952
25 125 16.67% 0.181560
25 126 16.56% 0.042200
25 127 16.45% 0.120019
25 128 16.34% 0.089548
25 129 16.23% 0.076063
25 130 16.13% 0.134109
25 131 16.03% 0.140149
25 132 15.92% 0.057079
25 133 15.82% 0.112939
25 134 15.72% 0.065607
25 135 15.62% 0.102338
25 136 15.53% 0.076701
26 136 16.05% 0.285223
26 137 15.95% 0.061636
26 138 15.85% 0.032541
26 139 15.76% 0.034589
26 140 15.66% 0.066340
26 141 15.57% 0.044596
26 142 15.48% 0.056309
26 143 15.38% 0.038637
27 143 15.88% 0.087763
27 144 15.79% 0.084101
