1 0 100.00% 34.531587
2 0 100.00% 23.586280
2 1 66.67% 8.874118
3 1 75.00% 58.383993
4 1 80.00% 33.023488
4 2 66.67% 38.687661
4 3 57.14% 40.743223
4 4 50.00% 14.689781
4 5 44.44% 14.651803
4 6 40.00% 46.753494
4 7 36.36% 5.971513
5 7 41.67% 29.745684
5 8 38.46% 17.625110
5 9 35.71% 5.905497
5 10 33.33% 42.897894
6 10 37.50% 8.808217
7 10 41.18% 5.880747
7 11 38.89% 20.785135
8 11 42.11% 26.658839
8 12 40.00% 15.422987
8 13 38.10% 5.827304
8 14 36.36% 26.411774
8 15 34.78% 26.737578
8 16 33.33% 20.644868
8 17 32.00% 5.887318
8 18 30.77% 20.533220
8 19 29.63% 17.519835
9 19 32.14% 35.543244
9 20 31.03% 24.566679
10 20 33.33% 14.552045
10 21 32.26% 8.729665
10 22 31.25% 11.652766
10 23 30.30% 23.506651
10 24 29.41% 8.694867
10 25 28.57% 33.008491
10 26 27.78% 5.861265
10 27 27.03% 42.391289
10 28 26.32% 46.163304
10 29 25.64% 37.031779
10 30 25.00% 11.674675
10 31 24.39% 5.855607
10 32 23.81% 31.072477
10 33 23.26% 27.993784
10 34 22.73% 12.253534
10 35 22.22% 40.850177
10 36 21.74% 12.052066
10 37 21.28% 27.770434
10 38 20.83% 18.353951
10 39 20.41% 27.652797
10 40 20.00% 44.790037
10 41 19.61% 6.076026
10 42 19.23% 30.929639
10 43 18.87% 6.521848
10 44 18.52% 9.067591
10 45 18.18% 22.314927
10 46 17.86% 9.192095
10 47 17.54% 6.171078
10 48 17.24% 12.134596
10 49 16.95% 21.511506
11 49 18.33% 12.326568
11 50 18.03% 27.801368
11 51 17.74% 18.505142
12 51 19.05% 37.787265
12 52 18.75% 38.516363
12 53 18.46% 12.188001
12 54 18.18% 18.288470
13 54 19.40% 37.695005
14 54 20.59% 31.120666
14 55 20.29% 9.443821
14 56 20.00% 9.152381
14 57 19.72% 22.311666
15 57 20.83% 34.226129
15 58 20.55% 9.018421
15 59 20.27% 15.198868
15 60 20.00% 6.039042
16 60 21.05% 6.112396
16 61 20.78% 15.165767
16 62 20.51% 6.148999
16 63 20.25% 9.384738
17 63 21.25% 12.322925
17 64 20.99% 6.062447
17 65 20.73% 6.335543
17 66 20.48% 9.111209
17 67 20.24% 34.288075
17 68 20.00% 21.426077
17 69 19.77% 21.406735
18 69 20.69% 34.489467
18 70 20.45% 24.260941
19 70 21.35% 18.117295
19 71 21.11% 34.126472
19 72 20.88% 15.244375
19 73 20.65% 9.023430
20 73 21.51% 18.221150
20 74 21.28% 18.133999
20 75 21.05% 19.050175
20 76 20.83% 12.276650
20 77 20.62% 9.129912
20 78 20.41% 21.266128
20 79 20.20% 12.157702
20 80 20.00% 24.618081
20 81 19.80% 9.102379
20 82 19.61% 15.205593
20 83 19.42% 11.969011
20 84 19.23% 27.632936
20 85 19.05% 18.351990
20 86 18.87% 6.032931
20 87 18.69% 8.952481
20 88 18.52% 19.393249
20 89 18.35% 6.156954
20 90 18.18% 24.422745
20 91 18.02% 9.375479
20 92 17.86% 12.261582
20 93 17.70% 21.371478
20 94 17.54% 6.304535
20 95 17.39% 11.993608
20 96 17.24% 6.074459
20 97 17.09% 21.261295
20 98 16.95% 15.180319
20 99 16.81% 13.040152
20 100 16.67% 21.537773
20 101 16.53% 9.008504
20 102 16.39% 9.125712
20 103 16.26% 6.150285
20 104 16.13% 12.153163
20 105 16.00% 15.146692
20 106 15.87% 18.231877
20 107 15.75% 12.232007
20 108 15.62% 12.358053
20 109 15.50% 6.039073
20 110 15.38% 9.501736
20 111 15.27% 15.091926
21 111 15.91% 12.134206
21 112 15.79% 6.143305
21 113 15.67% 12.052348
21 114 15.56% 6.068144
22 114 16.18% 15.108610
22 115 16.06% 9.172942
22 116 15.94% 12.175424
22 117 15.83% 12.179467
22 118 15.71% 9.125018
22 119 15.60% 6.276805
22 120 15.49% 9.140302
23 120 16.08% 15.286143
23 121 15.97% 6.179523
23 122 15.86% 6.171619
23 123 15.75% 9.945562
23 124 15.65% 12.196434
24 124 16.22% 12.083769
25 124 16.78% 11.997808
26 124 17.33% 9.358718
26 125 17.22% 6.087078
26 126 17.11% 8.995836
26 127 16.99% 6.055987
26 128 16.88% 6.181865
26 129 16.77% 6.052935
26 130 16.67% 6.363093
26 131 16.56% 9.013177
26 132 16.46% 9.047097
26 133 16.35% 9.140347
26 134 16.25% 6.123219
26 135 16.15% 9.046473
26 136 16.05% 9.042728
26 137 15.95% 3.082500
26 138 15.85% 3.105349
26 139 15.76% 3.077667
26 140 15.66% 3.036249
26 141 15.57% 3.105854
26 142 15.48% 3.154693
26 143 15.38% 3.016352
26 144 15.29% 3.070333
26 145 15.20% 3.933107
