1 0 100.00% 9.831313
2 0 100.00% 7.197375
2 1 66.67% 2.766775
2 2 50.00% 16.094560
3 2 60.00% 9.831271
3 3 50.00% 10.819711
3 4 42.86% 9.909354
3 5 37.50% 4.549638
3 6 33.33% 4.527852
3 7 30.00% 13.478071
3 8 27.27% 1.776202
4 8 33.33% 8.980445
4 9 30.77% 5.417846
4 10 28.57% 1.768564
5 10 33.33% 12.669656
5 11 31.25% 2.748187
5 12 29.41% 1.784169
5 13 27.78% 6.292715
6 13 31.58% 8.093678
7 13 35.00% 4.685289
7 14 33.33% 1.780518
8 14 36.36% 8.079624
8 15 34.78% 7.992525
8 16 33.33% 6.290364
8 17 32.00% 1.787260
8 18 30.77% 6.276522
8 19 29.63% 5.625425
9 19 32.14% 9.829439
9 20 31.03% 7.207597
9 21 30.00% 4.478948
9 22 29.03% 2.745768
9 23 28.12% 3.571767
9 24 27.27% 7.088553
9 25 26.47% 2.654960
9 26 25.71% 10.096082
9 27 25.00% 1.862540
9 28 24.32% 12.523641
10 28 26.32% 13.450134
10 29 25.64% 10.765733
10 30 25.00% 3.624339
10 31 24.39% 1.773745
10 32 23.81% 9.620625
10 33 23.26% 8.516649
10 34 22.73% 3.752592
10 35 22.22% 12.381663
10 36 21.74% 3.939237
10 37 21.28% 10.024387
11 37 22.92% 5.760003
11 38 22.45% 8.556570
11 39 22.00% 13.476695
11 40 21.57% 2.029217
11 41 21.15% 9.762792
11 42 20.75% 2.177403
11 43 20.37% 2.949623
11 44 20.00% 6.685148
11 45 19.64% 2.862002
11 46 19.30% 1.841101
11 47 18.97% 3.873752
11 48 18.64% 6.634474
12 48 20.00% 3.929941
12 49 19.67% 8.686216
13 49 20.97% 5.868965
14 49 22.22% 11.612828
14 50 21.88% 11.476256
14 51 21.54% 3.870458
14 52 21.21% 5.647109
14 53 20.90% 11.404075
14 54 20.59% 10.419301
14 55 20.29% 2.756169
14 56 20.00% 2.760486
14 57 19.72% 6.784801
15 57 20.83% 10.622695
15 58 20.55% 2.838469
15 59 20.27% 4.858052
15 60 20.00% 1.922319
15 61 19.74% 1.896319
15 62 19.48% 4.777986
15 63 19.23% 1.842728
15 64 18.99% 2.750177
15 65 18.75% 3.683979
15 66 18.52% 2.021431
15 67 18.29% 1.878943
15 68 18.07% 2.839565
15 69 17.86% 11.797389
15 70 17.65% 6.701921
16 70 18.60% 6.631275
17 70 19.54% 10.515758
17 71 19.32% 7.724992
18 71 20.22% 5.762624
18 72 20.00% 11.387273
18 73 19.78% 4.784024
18 74 19.57% 2.772823
19 74 20.43% 5.779635
19 75 20.21% 6.669584
19 76 20.00% 5.902411
19 77 19.79% 3.944125
19 78 19.59% 2.768998
19 79 19.39% 6.722256
19 80 19.19% 3.707878
19 81 19.00% 7.641991
19 82 18.81% 2.831525
19 83 18.63% 4.886620
19 84 18.45% 3.864305
19 85 18.27% 8.787951
19 86 18.10% 5.720272
19 87 17.92% 2.006312
19 88 17.76% 3.043715
19 89 17.59% 5.675889
19 90 17.43% 1.864113
20 90 18.18% 7.702654
20 91 18.02% 2.763943
20 92 17.86% 3.786650
20 93 17.70% 6.728089
21 93 18.42% 1.904217
21 94 18.26% 3.871858
21 95 18.10% 1.820493
21 96 17.95% 6.658792
21 97 17.80% 4.772583
21 98 17.65% 4.858418
21 99 17.50% 6.894962
21 100 17.36% 4.502611
21 101 17.21% 2.802791
21 102 17.07% 1.836867
21 103 16.94% 3.919818
21 104 16.80% 4.759117
21 105 16.67% 5.731243
21 106 16.54% 3.846407
21 107 16.41% 3.950918
21 108 16.28% 2.384003
21 109 16.15% 2.945787
21 110 16.03% 4.788993
22 110 16.67% 3.845188
22 111 16.54% 1.823005
23 111 17.16% 3.954056
23 112 17.04% 1.997079
24 112 17.65% 4.843268
24 113 17.52% 2.767164
24 114 17.39% 3.705839
24 115 17.27% 3.703275
24 116 17.14% 2.778272
24 117 17.02% 1.823045
24 118 16.90% 2.765472
24 119 16.78% 4.798423
24 120 16.67% 1.852280
24 121 16.55% 1.948649
24 122 16.44% 2.755463
24 123 16.33% 3.755559
25 123 16.89% 3.866947
25 124 16.78% 3.877492
26 124 17.33% 2.749502
26 125 17.22% 1.946052
26 126 17.11% 2.847078
26 127 16.99% 1.900216
26 128 16.88% 1.833733
26 129 16.77% 1.836313
26 130 16.67% 1.842746
26 131 16.56% 2.756945
26 132 16.46% 2.743146
26 133 16.35% 2.793400
26 134 16.25% 1.827749
26 135 16.15% 2.731641
26 136 16.05% 2.819909
26 137 15.95% 0.916483
27 137 16.46% 0.930668
27 138 16.36% 1.087694
27 139 16.27% 0.916766
27 140 16.17% 0.917825
27 141 16.07% 0.919024
27 142 15.98% 1.080037
27 143 15.88% 1.025220
27 144 15.79% 0.994057
