0
18
1 1 11 1413 4 8 9 3 7 
8 1 8 3311 4 3 12 10 5 
11 1 3 20188 4 10 9 7 5 
3 1 18 16819 4 2 1 4 7 
8 1 11 3511 4 1 7 5 6 
2 1 12 35892 4 6 3 1 11 
5 1 11 33794 4 8 7 11 3 
6 1 5 32369 4 4 8 9 2 
8 1 5 26295 4 7 5 10 1 
4 1 15 6132 4 5 8 6 11 
12 1 2 1032 4 3 6 1 5 
12 1 10 3291 4 3 6 2 8 
7 1 6 11199 4 3 12 10 1 
7 1 2 6575 4 1 5 11 10 
11 1 14 3609 4 7 8 9 10 
12 1 3 901 4 8 5 11 7 
11 1 2 1324 4 2 10 12 7 
9 1 7 29435 4 12 8 5 7 
0
9
9 3 11 8301 4 1 10 12 3 
3 3 7 2983 4 11 7 12 8 
12 3 4 3112 4 7 11 8 10 
5 3 11 5083 4 10 6 7 8 
2 3 11 41536 4 4 12 10 6 
7 3 9 21979 4 5 3 11 12 
2 3 4 14835 4 3 5 12 11 
8 3 9 23536 4 11 9 2 6 
6 3 8 16120 4 10 7 2 12 
0
18
1 5 15 10239 4 10 6 5 12 
9 5 12 20749 4 12 4 1 8 
10 5 9 7391 4 5 6 4 12 
7 5 7 3686 4 10 8 6 9 
3 5 8 4228 4 8 5 2 9 
3 5 12 5072 4 6 10 11 7 
4 5 7 1875 4 10 2 7 6 
12 5 15 31618 4 6 10 5 11 
1 5 6 979 4 4 2 3 7 
1 5 18 37466 4 8 11 12 3 
6 5 19 13411 4 1 9 2 7 
4 5 16 28335 4 2 8 10 1 
5 5 8 6058 4 7 8 4 1 
4 5 6 4824 4 5 12 8 9 
5 5 14 31112 4 4 9 10 6 
10 5 13 11568 4 6 11 4 8 
10 5 8 5500 4 4 5 3 7 
5 5 17 15839 4 2 1 7 4 
9
5 6 9 9483 4 3 11 8 10 
3 6 14 24390 4 5 8 12 7 
7 6 11 4695 4 6 4 11 8 
11 6 14 21145 4 3 8 9 12 
9 6 19 41491 4 10 3 2 5 
1 6 7 277 4 8 4 9 5 
2 6 15 14328 4 12 3 7 11 
11 6 7 1651 4 2 6 3 10 
6 6 8 13039 4 4 7 12 2 
9
4 7 13 25568 4 10 2 6 8 
8 7 9 980 4 4 6 7 12 
6 7 8 2448 4 4 2 9 5 
5 7 10 17768 4 4 10 2 7 
8 7 13 11590 4 11 4 5 9 
6 7 10 2351 4 3 10 8 5 
5 7 15 52657 4 11 8 10 12 
9 7 12 3158 4 7 4 10 6 
3 7 18 1438 4 11 10 6 5 
9
5 8 19 69210 4 4 12 2 3 
8 8 11 12332 4 2 6 7 10 
8 8 13 11842 4 3 6 11 5 
4 8 19 7852 4 3 5 12 8 
8 8 17 11741 4 7 1 10 11 
3 8 10 554 4 6 2 12 11 
5 8 10 3916 4 9 8 10 1 
8 8 14 13981 4 10 12 4 1 
10 8 18 7436 4 8 12 3 5 
18
11 9 11 2371 4 3 8 5 1 
1 9 13 7244 4 4 9 6 2 
7 9 10 575 4 11 3 2 5 
9 9 10 34 4 10 6 1 5 
7 9 13 22330 4 6 1 10 12 
1 9 10 4264 4 12 2 6 3 
3 9 11 1182 4 6 11 12 9 
7 9 12 1161 4 8 11 3 4 
6 9 10 1069 4 10 12 11 5 
8 9 10 3393 4 2 4 3 5 
4 9 11 1920 4 9 1 3 10 
1 9 19 77177 4 2 4 12 6 
2 9 15 2466 4 1 12 7 10 
7 9 15 3647 4 10 4 9 11 
4 9 19 2227 4 7 1 2 9 
3 9 16 3277 4 12 9 10 4 
7 9 14 715 4 3 8 5 1 
1 9 19 13187 4 2 7 5 10 
9
9 10 14 3354 4 8 5 1 2 
5 10 12 8022 4 3 8 1 2 
11 10 15 1194 4 9 12 4 5 
4 10 15 448 4 1 3 2 8 
1 10 15 7239 4 8 6 4 12 
8 10 13 7690 4 11 12 2 4 
5 10 12 11194 4 9 10 7 2 
1 10 16 3580 4 9 3 5 11 
4 10 13 10830 4 10 7 6 8 
9
4 11 18 14344 4 11 5 7 6 
3 11 13 5747 4 10 8 4 2 
2 11 15 3441 4 4 1 12 10 
5 11 14 12929 4 10 1 3 11 
10 11 19 31058 4 6 9 8 2 
10 11 16 3270 4 2 11 8 4 
2 11 12 1169 4 7 1 5 10 
11 11 13 10359 4 4 5 8 1 
3 11 16 12108 4 2 6 8 4 
9
2 12 13 3208 4 4 9 6 8 
9 12 19 5246 4 5 11 12 7 
9 12 14 4709 4 8 10 12 7 
8 12 15 9222 4 6 7 11 2 
9 12 18 7894 4 12 1 4 10 
8 12 13 66 4 5 2 11 10 
3 12 15 5403 4 2 9 5 6 
3 12 13 9710 4 11 5 9 10 
3 12 18 7984 4 9 4 2 8 
9
2 13 17 1486 4 7 12 6 8 
1 13 16 14652 4 5 7 6 10 
6 13 19 13797 4 5 8 3 11 
10 13 15 9150 4 1 5 9 7 
10 13 15 14311 4 9 3 5 4 
8 13 14 1106 4 9 2 5 11 
1 13 16 2260 4 5 6 3 8 
12 13 17 10437 4 11 7 6 5 
12 13 18 29490 4 3 4 6 11 
0
18
4 15 18 31199 4 5 3 12 6 
2 15 18 3190 4 6 3 7 5 
12 15 16 18796 4 11 1 8 3 
6 15 17 11073 4 7 1 8 4 
5 15 19 5137 4 10 2 11 9 
12 15 18 1045 4 8 6 5 10 
10 15 16 2309 4 1 5 9 3 
1 15 18 1211 4 5 3 7 9 
5 15 16 5499 4 6 1 12 8 
9 15 19 495 4 2 5 4 7 
6 15 17 8624 4 11 1 5 3 
6 15 18 1581 4 2 4 10 1 
3 15 18 1710 4 9 1 12 7 
12 15 17 8883 4 5 2 11 10 
10 15 16 6672 4 3 9 12 4 
5 15 17 4166 4 1 4 11 6 
7 15 19 3966 4 2 6 9 8 
2 15 16 3552 4 12 9 5 1 
9
4 16 17 13410 4 11 10 8 5 
8 16 18 1530 4 3 2 4 6 
2 16 19 3345 4 7 11 1 10 
7 16 19 200 4 5 11 8 9 
8 16 19 4423 4 1 6 3 7 
6 16 18 381 4 4 9 5 12 
2 16 17 4380 4 9 7 11 10 
12 16 18 5918 4 3 8 5 4 
1 16 17 3800 4 9 11 3 5 
9
4 17 18 4306 4 12 8 1 2 
5 17 18 1065 4 7 6 11 2 
12 17 18 1925 4 1 7 11 3 
7 17 19 11565 4 10 1 6 12 
2 17 19 1347 4 6 11 8 9 
3 17 19 15224 4 7 9 8 5 
6 17 18 1553 4 5 11 3 10 
12 17 19 14074 4 10 1 11 6 
12 17 19 1910 4 8 1 7 4 
0
9
3 19 19 2862 4 12 11 5 2 
12 19 19 340 4 5 9 2 6 
8 19 19 4565 4 9 2 7 1 
7 19 19 854 4 12 2 9 11 
5 19 19 478 4 8 4 6 10 
4 19 19 2313 4 5 6 11 1 
2 19 19 2609 4 11 6 12 8 
10 19 19 876 4 9 8 4 1 
4 19 19 690 4 6 12 7 2 
