1 0 100.00% 2.183165
2 0 100.00% 1.705488
2 1 66.67% 6.986839
2 2 50.00% 0.211401
2 3 40.00% 0.188474
3 3 50.00% 1.067759
3 4 42.86% 1.068380
4 4 50.00% 0.678595
4 5 44.44% 0.330649
5 5 50.00% 1.197085
6 5 54.55% 1.611336
6 6 50.00% 1.522559
7 6 53.85% 2.461891
7 7 50.00% 0.239609
7 8 46.67% 2.614266
7 9 43.75% 4.699769
7 10 41.18% 0.267084
8 10 44.44% 3.229612
8 11 42.11% 0.523294
8 12 40.00% 2.822070
8 13 38.10% 0.389824
8 14 36.36% 3.160882
8 15 34.78% 0.488867
9 15 37.50% 2.375050
9 16 36.00% 0.391538
9 17 34.62% 0.651910
9 18 33.33% 0.219151
10 18 35.71% 2.109825
11 18 37.93% 5.697178
11 19 36.67% 0.502514
12 19 38.71% 2.585480
12 20 37.50% 1.292424
12 21 36.36% 3.987415
12 22 35.29% 0.840913
13 22 37.14% 0.794698
14 22 38.89% 4.867263
14 23 37.84% 1.265981
14 24 36.84% 0.807481
15 24 38.46% 2.633798
16 24 40.00% 3.848032
16 25 39.02% 0.371009
16 26 38.10% 0.213975
16 27 37.21% 0.162341
17 27 38.64% 2.459455
17 28 37.78% 0.901548
17 29 36.96% 0.097596
17 30 36.17% 0.627417
18 30 37.50% 1.698107
18 31 36.73% 1.519667
18 32 36.00% 0.551709
19 32 37.25% 1.016551
20 32 38.46% 0.725476
21 32 39.62% 0.881173
22 32 40.74% 1.639099
22 33 40.00% 1.725232
22 34 39.29% 0.150710
23 34 40.35% 0.674914
23 35 39.66% 0.528847
24 35 40.68% 0.681332
25 35 41.67% 0.240100
