1
10 0 45 10754 8 1 7 2 6 8 3 12 4 
1
3 1 5 2134 8 5 4 8 7 10 6 9 1 
1
4 2 29 38172 8 6 8 9 10 11 2 3 12 
1
3 3 4 244 8 6 9 8 12 4 10 5 11 
1
10 4 5 5718 8 9 6 11 1 12 2 7 8 
1
9 5 7 2668 8 3 4 5 8 12 7 11 10 
0
1
3 7 11 12680 8 8 4 5 6 2 10 7 1 
1
3 8 9 336 8 10 12 4 7 1 11 8 6 
1
1 9 11 7029 8 5 4 7 3 9 11 10 12 
1
3 10 18 4562 8 5 10 11 1 4 8 12 9 
1
7 11 39 7203 8 6 4 8 11 3 1 5 9 
2
7 12 22 23405 8 8 6 2 12 9 10 11 5 
3 12 35 10912 8 10 9 11 8 5 4 2 6 
0
0
1
1 15 17 4339 8 7 5 10 6 9 12 2 8 
2
7 16 29 37835 8 12 8 4 11 3 1 6 9 
1 16 39 42866 8 5 11 3 2 8 12 4 6 
1
11 17 23 34642 8 12 1 9 3 2 8 10 7 
0
2
2 19 39 15403 8 11 10 5 3 4 8 7 6 
4 19 22 4619 8 10 5 1 2 8 7 12 3 
2
1 20 43 54681 8 4 9 6 5 10 2 3 12 
9 20 30 50501 8 3 7 2 6 11 8 4 5 
1
3 21 37 47855 8 4 11 1 2 8 5 9 12 
1
9 22 25 7861 8 6 5 12 2 8 1 11 3 
1
1 23 40 2129 8 7 3 5 2 9 11 10 6 
0
1
9 25 27 4567 8 4 1 10 7 12 3 6 5 
2
10 26 34 31314 8 1 11 8 6 4 5 12 7 
12 26 28 8921 8 6 10 7 1 8 2 4 11 
1
8 27 33 9216 8 5 9 11 4 6 2 12 1 
0
2
11 29 50 27319 8 3 6 10 2 8 5 12 1 
10 29 32 1163 8 2 7 12 3 9 6 5 8 
1
12 30 38 2588 8 4 9 2 6 3 10 11 8 
0
1
5 32 43 30696 8 2 1 6 9 12 11 7 8 
1
3 33 47 22926 8 6 1 11 7 10 4 9 12 
2
10 34 43 27261 8 7 11 8 2 1 9 6 12 
5 34 36 438 8 11 7 10 4 2 9 12 6 
0
2
6 36 51 12563 8 11 7 1 2 9 12 4 5 
2 36 41 12579 8 3 6 11 8 7 4 1 10 
1
9 37 48 30105 8 2 10 12 5 1 8 3 7 
0
1
3 39 46 5669 8 10 12 9 7 8 5 6 4 
1
11 40 50 1552 8 6 4 2 3 1 8 10 12 
2
1 41 45 9632 8 4 5 12 9 7 2 6 8 
2 41 43 16949 8 7 6 10 9 8 12 3 1 
0
2
6 43 46 31972 8 7 2 3 10 11 9 1 4 
2 43 53 7442 8 9 12 8 6 10 5 7 1 
1
12 44 48 4499 8 9 4 5 11 6 10 8 3 
0
2
12 46 48 6602 8 9 3 11 5 1 2 6 8 
12 46 50 5340 8 11 2 3 8 10 6 9 4 
1
3 47 56 372 8 2 5 11 4 6 12 1 7 
1
3 48 53 6046 8 4 12 7 10 2 1 11 9 
1
6 49 52 6840 8 7 9 12 8 2 1 5 3 
1
4 50 54 1590 8 6 2 3 11 12 8 5 10 
1
3 51 57 195 8 8 11 7 1 5 4 12 10 
1
8 52 54 3000 8 4 2 1 9 6 11 3 10 
0
1
9 54 59 7651 8 6 4 3 12 8 10 2 7 
1
3 55 59 4404 8 1 10 8 11 5 4 12 2 
1
5 56 59 28096 8 4 2 3 1 10 6 8 7 
2
10 57 58 944 8 7 1 3 9 8 5 6 11 
6 57 58 2358 8 2 4 1 8 7 11 5 10 
1
3 58 59 170 8 9 7 5 10 6 1 11 8 
1
6 59 59 366 8 4 9 2 7 3 11 8 5 
