1
11 0 6 3977 8 5 7 6 9 12 8 1 4 
1
11 1 11 4589 8 1 3 4 2 10 9 12 5 
0
2
5 3 4 7149 8 3 8 2 12 9 11 7 4 
2 3 15 41948 8 9 6 1 11 5 10 8 7 
1
4 4 11 21362 8 1 11 12 9 6 8 7 2 
1
5 5 11 4997 8 12 7 8 1 11 3 4 2 
0
1
7 7 13 15901 8 9 12 2 10 8 1 5 11 
1
5 8 9 1797 8 12 2 9 3 4 11 6 10 
0
2
4 10 13 798 8 5 6 9 10 11 2 3 12 
7 10 11 455 8 10 2 6 3 1 4 9 11 
1
10 11 14 1354 8 5 3 11 6 12 8 4 1 
2
6 12 14 22187 8 1 9 8 5 12 7 4 10 
10 12 18 14667 8 5 6 12 11 8 7 2 1 
0
0
2
3 15 16 16 8 2 4 5 9 11 6 7 1 
9 15 17 619 8 4 5 8 7 1 12 2 10 
0
2
12 17 18 3502 8 6 11 3 1 7 10 4 9 
8 17 19 6638 8 2 7 6 12 1 9 10 5 
2
5 18 19 10323 8 2 4 10 6 8 1 9 7 
4 18 19 5719 8 2 11 6 9 8 7 5 1 
1
2 19 19 393 8 11 12 5 10 3 4 8 6 
