1 0 100.00% 27.805010
2 0 100.00% 59.932641
3 0 100.00% 11.724713
3 1 75.00% 12.885329
3 2 60.00% 14.663816
3 3 50.00% 15.632850
3 4 42.86% 11.676295
4 4 50.00% 25.273263
5 4 55.56% 54.623045
5 5 50.00% 37.921130
5 6 45.45% 5.872083
5 7 41.67% 8.781972
6 7 46.15% 35.436461
7 7 50.00% 42.023717
7 8 46.67% 9.046515
8 8 50.00% 41.883513
8 9 47.06% 51.404318
9 9 50.00% 24.389439
9 10 47.37% 22.941872
9 11 45.00% 11.980534
9 12 42.86% 11.785785
9 13 40.91% 23.864420
9 14 39.13% 38.302379
9 15 37.50% 43.303690
9 16 36.00% 18.502316
9 17 34.62% 8.843024
9 18 33.33% 14.812455
10 18 35.71% 30.910257
11 18 37.93% 33.386313
11 19 36.67% 12.192875
12 19 38.71% 22.276103
12 20 37.50% 10.551557
12 21 36.36% 6.015845
13 21 38.24% 33.865018
13 22 37.14% 24.136862
14 22 38.89% 48.654833
14 23 37.84% 15.221382
15 23 39.47% 11.721881
15 24 38.46% 11.719089
15 25 37.50% 8.732146
15 26 36.59% 35.450283
15 27 35.71% 21.330228
15 28 34.88% 11.792243
15 29 34.09% 33.563169
15 30 33.33% 5.855199
15 31 32.61% 8.815625
15 32 31.91% 5.880164
16 32 33.33% 21.585205
16 33 32.65% 28.411053
16 34 32.00% 12.241035
17 34 33.33% 32.054171
17 35 32.69% 24.969852
18 35 33.96% 25.348483
18 36 33.33% 17.715030
18 37 32.73% 5.969694
19 37 33.93% 17.708356
19 38 33.33% 9.618016
20 38 34.48% 20.927498
20 39 33.90% 8.796592
20 40 33.33% 18.169920
21 40 34.43% 25.726458
21 41 33.87% 5.849494
22 41 34.92% 11.918539
22 42 34.38% 18.235810
22 43 33.85% 17.755240
23 43 34.85% 23.821948
23 44 34.33% 9.030890
23 45 33.82% 9.735272
23 46 33.33% 8.779183
23 47 32.86% 8.763540
23 48 32.39% 19.219153
23 49 31.94% 20.908035
23 50 31.51% 21.495354
23 51 31.08% 6.027917
23 52 30.67% 6.135622
23 53 30.26% 17.964976
23 54 29.87% 6.122971
23 55 29.49% 6.950103
23 56 29.11% 6.646289
23 57 28.75% 8.905676
23 58 28.40% 21.942170
23 59 28.05% 23.014878
23 60 27.71% 8.831614
23 61 27.38% 5.919935
23 62 27.06% 11.933475
23 63 26.74% 18.804985
23 64 26.44% 15.772415
23 65 26.14% 16.092010
23 66 25.84% 11.846963
23 67 25.56% 17.662248
23 68 25.27% 15.688221
24 68 26.09% 16.402026
24 69 25.81% 11.886046
25 69 26.60% 6.336821
25 70 26.32% 15.627069
25 71 26.04% 5.984820
25 72 25.77% 6.197818
25 73 25.51% 6.007953
25 74 25.25% 9.002485
25 75 25.00% 5.888496
25 76 24.75% 6.367574
25 77 24.51% 5.852103
26 77 25.24% 5.925322
26 78 25.00% 5.714678
26 79 24.76% 5.997732
26 80 24.53% 5.880533
26 81 24.30% 5.870092
26 82 24.07% 6.876752
26 83 23.85% 3.246454
27 83 24.55% 3.039341
27 84 24.32% 3.095650
27 85 24.11% 2.993312
28 85 24.78% 3.360803
28 86 24.56% 2.987104
29 86 25.22% 3.282339
29 87 25.00% 3.140021
29 88 24.79% 3.281261
29 89 24.58% 3.145187
30 89 25.21% 3.036965
30 90 25.00% 2.984299
