1 0 100.00% 8.279680
2 0 100.00% 16.482553
3 0 100.00% 3.748977
3 1 75.00% 3.857065
3 2 60.00% 4.771898
3 3 50.00% 4.606945
3 4 42.86% 3.627533
3 5 37.50% 8.145591
4 5 44.44% 15.663422
4 6 40.00% 10.887477
5 6 45.45% 1.875190
6 6 50.00% 2.763248
7 6 53.85% 10.238556
8 6 57.14% 12.820947
8 7 53.33% 2.748236
9 7 56.25% 14.326177
9 8 52.94% 14.707795
9 9 50.00% 7.242667
9 10 47.37% 6.930635
9 11 45.00% 3.700940
9 12 42.86% 3.593755
9 13 40.91% 7.192198
9 14 39.13% 10.863372
9 15 37.50% 12.897151
9 16 36.00% 5.427226
9 17 34.62% 2.781495
9 18 33.33% 4.558719
9 19 32.14% 9.079444
9 20 31.03% 9.934635
9 21 30.00% 3.713303
9 22 29.03% 7.466582
9 23 28.12% 3.836051
9 24 27.27% 1.940808
9 25 26.47% 10.204672
9 26 25.71% 7.204941
10 26 27.78% 14.749953
10 27 27.03% 5.164865
10 28 26.32% 3.600482
11 28 28.21% 3.583159
11 29 27.50% 2.666235
11 30 26.83% 11.127482
11 31 26.19% 6.429914
11 32 25.58% 3.659977
12 32 27.27% 9.985748
12 33 26.67% 1.891791
13 33 28.26% 2.776100
13 34 27.66% 1.859593
13 35 27.08% 6.786713
13 36 26.53% 8.568440
13 37 26.00% 3.606173
13 38 25.49% 9.227115
13 39 25.00% 7.505706
13 40 24.53% 8.105880
13 41 24.07% 5.924473
13 42 23.64% 1.873040
13 43 23.21% 5.429942
13 44 22.81% 2.761272
13 45 22.41% 6.493847
13 46 22.03% 2.779984
13 47 21.67% 5.777174
13 48 21.31% 7.961154
13 49 20.97% 1.804533
13 50 20.63% 3.754498
13 51 20.31% 5.411371
13 52 20.00% 5.484104
13 53 19.70% 7.460618
13 54 19.40% 2.923782
13 55 19.12% 3.608934
13 56 18.84% 2.750598
13 57 18.57% 2.719562
13 58 18.31% 5.727091
13 59 18.06% 6.297360
13 60 17.81% 6.597564
13 61 17.57% 2.295052
13 62 17.33% 2.334796
13 63 17.11% 5.520459
13 64 16.88% 1.823419
13 65 16.67% 1.980742
13 66 16.46% 2.033330
13 67 16.25% 2.689504
13 68 16.05% 6.648686
13 69 15.85% 6.331534
13 70 15.66% 2.717217
13 71 15.48% 2.055862
13 72 15.29% 4.434089
13 73 15.12% 5.408056
14 73 16.09% 5.655684
14 74 15.91% 4.685512
14 75 15.73% 4.563692
14 76 15.56% 5.437262
15 76 16.48% 4.689838
15 77 16.30% 4.480951
15 78 16.13% 3.606767
15 79 15.96% 1.827390
15 80 15.79% 4.687250
15 81 15.62% 2.312259
15 82 15.46% 1.851458
15 83 15.31% 1.915637
15 84 15.15% 2.739800
15 85 15.00% 1.791964
15 86 14.85% 2.232413
15 87 14.71% 1.766882
15 88 14.56% 1.753278
16 88 15.38% 1.838552
16 89 15.24% 1.807020
16 90 15.09% 1.795630
16 91 14.95% 1.783946
16 92 14.81% 1.880581
16 93 14.68% 0.969235
16 94 14.55% 0.934257
16 95 14.41% 0.910332
16 96 14.29% 1.057485
17 96 15.04% 0.904496
17 97 14.91% 0.903645
17 98 14.78% 1.783474
17 99 14.66% 0.979293
17 100 14.53% 1.066832
17 101 14.41% 0.975792
17 102 14.29% 0.969328
17 103 14.17% 0.911222
