1 0 100.00% 0.310788
2 0 100.00% 0.317086
2 1 66.67% 0.283019
2 2 50.00% 0.269085
2 3 40.00% 0.112480
2 4 33.33% 0.293793
2 5 28.57% 0.091106
3 5 37.50% 0.454805
4 5 44.44% 0.396142
4 6 40.00% 0.699664
4 7 36.36% 0.038230
4 8 33.33% 0.189085
5 8 38.46% 0.443669
6 8 42.86% 0.524876
6 9 40.00% 0.113318
7 9 43.75% 0.776655
7 10 41.18% 0.598898
8 10 44.44% 0.279236
9 10 47.37% 0.236634
9 11 45.00% 0.149088
9 12 42.86% 0.209757
9 13 40.91% 0.153911
9 14 39.13% 0.468046
9 15 37.50% 0.499249
9 16 36.00% 0.104659
9 17 34.62% 0.121727
9 18 33.33% 0.092781
10 18 35.71% 0.587120
11 18 37.93% 0.274119
11 19 36.67% 0.163599
11 20 35.48% 0.435038
11 21 34.38% 0.058078
11 22 33.33% 0.075818
12 22 35.29% 0.586362
13 22 37.14% 0.350113
14 22 38.89% 0.786966
14 23 37.84% 0.087511
14 24 36.84% 0.173671
14 25 35.90% 0.165589
14 26 35.00% 0.209570
15 26 36.59% 0.711094
15 27 35.71% 0.138559
15 28 34.88% 0.073319
16 28 36.36% 0.167343
16 29 35.56% 0.034978
16 30 34.78% 0.214091
16 31 34.04% 0.037144
16 32 33.33% 0.379186
16 33 32.65% 0.670780
16 34 32.00% 0.227014
17 34 33.33% 0.562879
17 35 32.69% 0.148169
17 36 32.08% 0.525682
18 36 33.33% 0.415838
18 37 32.73% 0.095533
19 37 33.93% 0.463415
19 38 33.33% 0.073689
20 38 34.48% 0.544732
20 39 33.90% 0.069352
20 40 33.33% 0.229377
21 40 34.43% 0.474104
21 41 33.87% 0.042252
21 42 33.33% 0.264138
21 43 32.81% 0.214097
21 44 32.31% 0.107278
21 45 31.82% 0.141786
21 46 31.34% 0.051980
21 47 30.88% 0.051886
21 48 30.43% 0.133006
21 49 30.00% 0.067326
22 49 30.99% 0.427906
22 50 30.56% 0.122030
22 51 30.14% 0.216871
22 52 29.73% 0.125434
22 53 29.33% 0.041438
23 53 30.26% 0.372755
23 54 29.87% 0.080924
23 55 29.49% 0.036992
23 56 29.11% 0.071684
23 57 28.75% 0.054506
24 57 29.63% 0.405521
24 58 29.27% 0.463326
24 59 28.92% 0.053749
24 60 28.57% 0.037477
24 61 28.24% 0.125497
24 62 27.91% 0.120048
24 63 27.59% 0.155179
24 64 27.27% 0.222734
24 65 26.97% 0.156307
24 66 26.67% 0.110823
25 66 27.47% 0.389970
26 66 28.26% 0.371872
26 67 27.96% 0.084641
26 68 27.66% 0.075083
26 69 27.37% 0.215648
26 70 27.08% 0.046812
26 71 26.80% 0.110403
26 72 26.53% 0.039393
27 72 27.27% 0.189949
27 73 27.00% 0.064772
27 74 26.73% 0.034838
27 75 26.47% 0.094137
27 76 26.21% 0.046127
27 77 25.96% 0.147315
27 78 25.71% 0.085107
28 78 26.42% 0.141444
28 79 26.17% 0.039685
29 79 26.85% 0.142525
29 80 26.61% 0.059264
30 80 27.27% 0.074864
30 81 27.03% 0.022121
30 82 26.79% 0.037909
31 82 27.43% 0.080262
32 82 28.07% 0.076535
32 83 27.83% 0.067784
33 83 28.45% 0.085017
34 83 29.06% 0.077684
34 84 28.81% 0.061779
34 85 28.57% 0.069147
34 86 28.33% 0.025193
