6
8 0 8 6557 4 6 7 3 10 
4 0 17 7124 4 7 11 10 6 
1 0 3 1684 4 3 10 8 4 
2 0 3 7470 4 3 1 6 11 
12 0 4 15772 4 5 4 6 1 
7 0 4 10155 4 3 9 5 4 
6
12 1 4 25899 4 4 1 6 8 
12 1 8 9253 4 6 2 8 3 
3 1 17 5633 4 5 10 1 8 
1 1 12 27682 4 11 8 4 2 
12 1 2 1620 4 7 10 5 11 
5 1 3 2714 4 9 3 2 11 
6
5 2 12 2050 4 1 4 10 8 
9 2 14 13425 4 8 1 12 6 
2 2 4 9629 4 1 5 12 3 
9 2 14 6056 4 1 4 6 7 
8 2 17 31598 4 9 1 12 4 
6 2 9 2642 4 3 2 5 7 
6
2 3 9 265 4 6 12 8 11 
6 3 6 5312 4 1 10 7 8 
4 3 6 5164 4 1 7 9 10 
2 3 10 25890 4 11 12 9 7 
9 3 14 14716 4 11 1 4 12 
9 3 16 46008 4 10 5 11 3 
0
12
8 5 10 18828 4 6 5 10 9 
11 5 7 2807 4 3 8 4 7 
8 5 9 18493 4 3 9 10 5 
7 5 14 220 4 1 4 10 6 
3 5 15 3304 4 9 2 10 1 
5 5 8 5633 4 1 6 2 12 
10 5 11 668 4 6 3 5 7 
12 5 7 9546 4 10 3 4 9 
2 5 6 7326 4 6 10 12 3 
7 5 15 13035 4 4 9 10 8 
10 5 12 2888 4 12 8 11 7 
11 5 19 12402 4 1 9 12 10 
6
11 6 10 8616 4 10 2 9 5 
8 6 9 307 4 1 3 5 6 
6 6 9 249 4 1 9 10 12 
3 6 8 1801 4 12 4 6 1 
1 6 16 7386 4 9 12 3 11 
7 6 12 23024 4 6 10 1 3 
0
6
8 8 11 18148 4 12 3 4 9 
3 8 18 1706 4 1 7 5 2 
7 8 9 4348 4 11 12 5 6 
1 8 10 3033 4 2 9 4 6 
7 8 9 7413 4 12 9 10 5 
1 8 14 1997 4 9 12 3 6 
6
2 9 17 13594 4 1 11 4 5 
1 9 12 3076 4 4 5 11 8 
10 9 18 2016 4 2 7 5 8 
7 9 16 39379 4 8 5 9 12 
6 9 16 1247 4 12 7 1 5 
1 9 14 6953 4 6 10 2 5 
6
5 10 11 62 4 11 1 7 9 
4 10 15 1998 4 3 8 7 9 
1 10 12 1701 4 8 9 6 12 
3 10 16 1521 4 1 8 5 9 
7 10 12 1440 4 3 2 12 1 
11 10 15 58 4 10 1 6 9 
6
1 11 18 6394 4 8 2 6 4 
6 11 12 4609 4 4 1 8 11 
3 11 14 366 4 8 6 4 11 
5 11 16 6682 4 4 11 9 3 
10 11 16 7871 4 4 8 6 11 
1 11 18 3664 4 7 6 11 9 
6
10 12 14 3002 4 3 2 4 11 
10 12 14 484 4 8 12 1 11 
3 12 14 2924 4 11 1 8 4 
1 12 14 1609 4 11 6 5 10 
10 12 17 792 4 1 6 8 3 
1 12 18 6643 4 12 3 8 11 
12
1 13 19 6806 4 6 8 4 7 
12 13 14 1 4 2 8 7 11 
11 13 14 15112 4 7 6 2 1 
12 13 18 3012 4 3 10 9 8 
4 13 14 2201 4 6 9 3 5 
10 13 14 2138 4 4 1 6 3 
9 13 14 466 4 8 3 11 6 
11 13 15 1869 4 4 3 7 6 
8 13 19 5191 4 9 6 1 10 
3 13 19 4102 4 4 9 7 8 
1 13 15 2364 4 6 10 8 12 
1 13 14 1443 4 11 10 4 5 
6
3 14 17 13868 4 11 5 6 2 
10 14 19 38447 4 12 11 2 7 
7 14 18 9799 4 4 9 8 10 
4 14 18 10156 4 11 2 10 6 
4 14 17 4733 4 9 10 1 7 
8 14 19 16362 4 3 6 9 12 
6
4 15 19 1636 4 11 5 3 1 
4 15 19 328 4 1 6 9 8 
3 15 18 26876 4 5 10 1 4 
7 15 16 135 4 4 10 3 1 
11 15 19 10644 4 8 10 2 6 
4 15 16 3769 4 11 6 7 10 
0
6
8 17 18 338 4 4 2 10 6 
7 17 18 12251 4 2 4 1 6 
8 17 19 3283 4 7 4 9 11 
10 17 18 3771 4 6 3 1 11 
7 17 18 13229 4 9 3 8 4 
2 17 18 2385 4 3 6 8 11 
6
8 18 19 609 4 11 12 6 7 
7 18 19 2226 4 6 2 10 8 
5 18 19 5044 4 8 10 11 2 
3 18 19 1157 4 5 1 8 11 
2 18 19 3439 4 8 9 5 12 
7 18 19 785 4 1 8 9 4 
12
3 19 19 2208 4 6 11 10 2 
3 19 19 96 4 6 10 11 9 
10 19 19 2195 4 4 8 6 9 
7 19 19 2436 4 9 8 4 1 
1 19 19 121 4 6 9 3 5 
6 19 19 602 4 1 12 9 2 
1 19 19 536 4 3 10 12 9 
9 19 19 138 4 3 10 11 5 
10 19 19 18 4 1 3 12 2 
5 19 19 1180 4 6 1 2 7 
1 19 19 550 4 12 4 2 10 
12 19 19 632 4 3 1 10 11 
