1 0 100.00% 0.030305
2 0 100.00% 0.028677
2 1 66.67% 0.094535
3 1 75.00% 0.026614
4 1 80.00% 0.037519
5 1 83.33% 0.068945
6 1 85.71% 0.015939
6 2 75.00% 0.063210
7 2 77.78% 0.024828
7 3 70.00% 0.028668
7 4 63.64% 0.018154
8 4 66.67% 0.042272
9 4 69.23% 0.011995
10 4 71.43% 0.091620
11 4 73.33% 0.035728
11 5 68.75% 0.012465
12 5 70.59% 0.026394
13 5 72.22% 0.017991
14 5 73.68% 0.104857
14 6 70.00% 0.094845
15 6 71.43% 0.058509
16 6 72.73% 0.054070
16 7 69.57% 0.063243
17 7 70.83% 0.068963
17 8 68.00% 0.017585
18 8 69.23% 0.027763
18 9 66.67% 0.043976
18 10 64.29% 0.025947
19 10 65.52% 0.048192
20 10 66.67% 0.023190
21 10 67.74% 0.050924
22 10 68.75% 0.034294
23 10 69.70% 0.020914
24 10 70.59% 0.015980
25 10 71.43% 0.016116
26 10 72.22% 0.047902
27 10 72.97% 0.015898
28 10 73.68% 0.030404
29 10 74.36% 0.035367
30 10 75.00% 0.097271
30 11 73.17% 0.008660
31 11 73.81% 0.058054
32 11 74.42% 0.057476
33 11 75.00% 0.030689
34 11 75.56% 0.023213
35 11 76.09% 0.027199
35 12 74.47% 0.031838
35 13 72.92% 0.006642
36 13 73.47% 0.042392
36 14 72.00% 0.021432
36 15 70.59% 0.014487
37 15 71.15% 0.021048
37 16 69.81% 0.015055
37 17 68.52% 0.014977
38 17 69.09% 0.031244
39 17 69.64% 0.021884
40 17 70.18% 0.018179
40 18 68.97% 0.008738
41 18 69.49% 0.018388
