1 0 100.00% 3.818681
2 0 100.00% 6.491697
2 1 66.67% 4.639115
3 1 75.00% 2.044122
3 2 60.00% 2.881475
3 3 50.00% 5.808499
3 4 42.86% 2.419635
3 5 37.50% 3.280380
3 6 33.33% 2.500824
3 7 30.00% 1.827767
3 8 27.27% 0.876385
3 9 25.00% 6.778057
3 10 23.08% 0.972441
4 10 28.57% 7.483131
5 10 33.33% 1.845203
6 10 37.50% 0.664680
7 10 41.18% 2.497435
8 10 44.44% 2.943813
9 10 47.37% 6.386226
10 10 50.00% 4.834998
10 11 47.62% 3.545133
11 11 50.00% 2.867010
12 11 52.17% 4.063420
13 11 54.17% 3.733167
14 11 56.00% 0.953067
15 11 57.69% 4.066241
15 12 55.56% 3.066913
15 13 53.57% 1.420681
16 13 55.17% 3.684990
