1 0 100.00% 3.576393
2 0 100.00% 6.620362
2 1 66.67% 4.493520
3 1 75.00% 1.828179
3 2 60.00% 2.656629
3 3 50.00% 5.787563
3 4 42.86% 2.232786
4 4 50.00% 3.078320
5 4 55.56% 2.229541
5 5 50.00% 1.576489
5 6 45.45% 0.758128
5 7 41.67% 7.087371
6 7 46.15% 0.748982
6 8 42.86% 8.030054
7 8 46.67% 1.541788
8 8 50.00% 0.587655
8 9 47.06% 2.130686
8 10 44.44% 2.573262
8 11 42.11% 6.593281
8 12 40.00% 4.708620
8 13 38.10% 3.305589
9 13 40.91% 2.672912
10 13 43.48% 3.812395
11 13 45.83% 3.565999
12 13 48.00% 0.761256
13 13 50.00% 3.679541
14 13 51.85% 2.874001
15 13 53.57% 1.141465
16 13 55.17% 3.230790
