1 0 100.00% 0.407523
2 0 100.00% 0.475217
2 1 66.67% 0.207861
4 1 80.00% 0.391767
5 1 83.33% 0.394046
6 1 85.71% 0.387490
7 1 87.50% 0.399073
8 1 88.89% 0.402760
8 2 80.00% 0.387884
8 3 72.73% 0.392839
9 3 75.00% 0.487756
9 4 69.23% 0.383981
10 5 66.67% 0.385094
10 6 62.50% 0.201126
11 6 64.71% 0.411578
13 6 68.42% 0.408124
13 7 65.00% 0.389477
14 7 66.67% 0.397224
15 7 68.18% 0.382611
15 8 65.22% 0.393604
15 9 62.50% 0.201113
15 10 60.00% 0.399313
16 10 61.54% 0.381811
16 12 57.14% 0.386105
17 12 58.62% 0.401919
18 12 60.00% 0.386190
19 12 61.29% 0.795348
21 12 63.64% 0.763371
22 12 64.71% 0.722777
23 12 65.71% 0.814496
25 12 67.57% 0.562053
27 12 69.23% 0.489621
27 13 67.50% 0.214959
27 14 65.85% 0.421569
28 14 66.67% 0.538313
28 16 63.64% 0.563366
28 17 62.22% 0.211803
29 19 60.42% 0.415634
30 19 61.22% 0.408945
30 20 60.00% 0.226234
31 21 59.62% 0.396921
31 22 58.49% 0.440257
31 23 57.41% 0.399586
31 24 56.36% 0.199015
32 24 57.14% 0.391629
33 24 57.89% 0.405576
33 25 56.90% 0.390274
34 25 57.63% 0.411078
