1
1 0 16 11575 1 12 
1
5 1 29 23110 1 12 
0
1
12 3 23 105651 1 4 
2
5 4 12 20300 1 11 
7 4 16 43023 1 8 
1
1 5 30 53658 1 8 
1
8 6 16 11041 1 5 
1
4 7 21 4999 1 11 
1
12 8 18 5934 1 11 
0
0
1
1 11 18 8060 1 12 
1
12 12 15 28173 1 3 
1
6 13 43 3940 1 8 
1
7 14 17 2725 1 11 
2
6 15 48 112730 1 12 
5 15 22 16387 1 4 
1
3 16 18 3328 1 8 
1
12 17 27 11242 1 11 
2
12 18 30 3628 1 3 
11 18 46 55117 1 6 
1
10 19 40 22281 1 12 
1
4 20 35 61764 1 3 
1
4 21 33 3099 1 6 
1
1 22 39 23153 1 12 
1
10 23 39 45832 1 7 
1
4 24 27 4698 1 10 
1
2 25 42 9118 1 3 
0
2
7 27 40 26762 1 12 
3 27 32 5566 1 12 
0
1
11 29 44 2561 1 6 
1
4 30 35 8484 1 2 
1
10 31 41 15323 1 6 
2
6 32 37 14608 1 4 
1 32 33 5265 1 7 
0
1
12 34 54 2307 1 7 
1
2 35 37 462 1 9 
2
10 36 47 27836 1 6 
7 36 46 1564 1 9 
0
2
4 38 58 18792 1 2 
7 38 57 34252 1 12 
0
1
7 40 58 92531 1 1 
1
2 41 42 6556 1 1 
0
1
8 43 58 31356 1 10 
2
6 44 56 49201 1 10 
11 44 57 8351 1 5 
0
1
7 46 56 2973 1 8 
3
9 47 58 9248 1 6 
10 47 53 37702 1 11 
4 47 48 12926 1 1 
1
5 48 59 19190 1 11 
1
10 49 53 22486 1 12 
0
2
3 51 53 14545 1 5 
4 51 56 536 1 5 
1
11 52 55 14843 1 1 
1
12 53 56 1813 1 3 
1
7 54 58 15707 1 8 
1
10 55 58 5236 1 7 
1
9 56 58 1986 1 6 
1
11 57 58 6633 1 5 
1
10 58 59 2018 1 8 
0
