0 1 0.00% 2.825913
0 2 0.00% 1.416575
1 2 33.33% 0.119171
2 2 50.00% 1.323324
2 3 40.00% 1.464812
3 3 50.00% 1.262772
3 4 42.86% 2.561285
3 5 37.50% 0.866562
3 6 33.33% 2.069950
4 6 40.00% 0.832857
5 6 45.45% 1.610150
5 7 41.67% 0.686204
5 8 38.46% 1.802659
5 9 35.71% 0.078624
6 9 40.00% 1.194050
6 10 37.50% 0.179789
7 10 41.18% 1.454470
8 10 44.44% 1.597847
8 11 42.11% 0.207185
8 12 40.00% 1.243322
8 13 38.10% 1.756621
8 14 36.36% 0.420143
8 15 34.78% 0.183009
8 16 33.33% 1.088503
8 17 32.00% 0.455762
8 18 30.77% 0.659775
8 19 29.63% 0.163924
9 19 32.14% 1.491431
9 20 31.03% 1.286746
9 21 30.00% 0.292678
9 22 29.03% 0.359829
9 23 28.12% 0.791989
9 24 27.27% 0.111327
10 24 29.41% 0.891377
10 25 28.57% 0.393545
10 26 27.78% 0.131094
10 27 27.03% 0.101899
10 28 26.32% 0.170810
11 28 28.21% 1.079326
11 29 27.50% 0.078054
11 30 26.83% 0.575144
11 31 26.19% 0.800935
12 31 27.91% 0.502851
12 32 27.27% 0.544228
13 32 28.89% 0.424317
13 33 28.26% 0.163796
13 34 27.66% 0.419165
13 35 27.08% 0.076263
13 36 26.53% 0.394616
13 37 26.00% 0.041281
14 37 27.45% 0.300171
15 37 28.85% 0.402925
15 38 28.30% 0.102668
16 38 29.63% 0.216395
17 38 30.91% 0.136165
18 38 32.14% 0.120206
18 39 31.58% 0.167352
19 39 32.76% 0.144212
20 39 33.90% 0.147371
