0
2
12 1 49 101993 4 8 5 7 11 
6 1 43 238469 4 8 10 1 2 
1
6 2 7 2602 4 4 8 9 5 
1
3 3 45 55315 4 8 1 2 4 
0
1
9 5 33 64600 4 3 1 2 7 
2
7 6 52 14297 4 1 4 3 11 
11 6 57 99252 4 7 3 9 12 
0
1
3 8 30 63611 4 5 4 7 12 
0
1
7 10 47 84325 4 9 1 2 3 
3
5 11 28 8317 4 1 9 10 7 
9 11 42 59987 4 4 12 6 7 
11 11 30 32098 4 1 4 6 10 
0
1
4 13 47 82715 4 9 3 5 12 
0
1
12 15 18 16744 4 4 5 6 10 
2
10 16 50 10745 4 7 6 11 2 
9 16 25 47755 4 8 4 3 10 
2
7 17 58 22566 4 8 11 3 1 
2 17 46 36183 4 1 4 8 5 
1
12 18 29 38715 4 3 1 2 8 
1
11 19 54 61160 4 7 8 5 12 
0
1
3 21 59 102320 4 8 11 4 10 
1
10 22 45 49252 4 8 5 11 4 
1
7 23 33 18913 4 5 4 12 11 
2
6 24 45 21797 4 5 3 10 8 
9 24 51 59122 4 12 5 11 4 
0
0
1
8 27 36 259 4 10 6 12 7 
3
6 28 36 2802 4 4 2 1 12 
3 28 56 35649 4 8 10 6 2 
3 28 53 10428 4 9 5 8 2 
1
5 29 48 58336 4 9 8 2 7 
0
1
3 31 38 1316 4 12 2 6 10 
2
8 32 47 15726 4 5 3 1 7 
7 32 39 17949 4 3 5 12 9 
0
1
2 34 49 1904 4 8 10 7 6 
1
2 35 55 252340 4 8 7 12 1 
2
4 36 39 9527 4 10 1 11 5 
9 36 41 15018 4 2 3 1 8 
1
8 37 39 2818 4 6 1 9 3 
1
3 38 58 4160 4 2 5 1 10 
0
1
11 40 43 24677 4 9 3 7 6 
0
2
3 42 58 40840 4 12 10 6 1 
9 42 59 39326 4 11 10 5 7 
2
12 43 56 5773 4 10 7 6 8 
10 43 54 16411 4 4 12 2 5 
0
2
5 45 51 10206 4 2 10 1 12 
12 45 48 1940 4 9 11 1 5 
1
7 46 56 27313 4 8 11 4 12 
0
2
4 48 49 8877 4 1 2 5 7 
10 48 58 45835 4 5 12 2 4 
0
1
1 50 51 13280 4 5 8 10 12 
2
7 51 56 9559 4 4 11 9 6 
6 51 59 9950 4 9 7 10 4 
0
2
1 53 55 6786 4 3 7 12 2 
10 53 57 1761 4 5 12 1 8 
1
10 54 59 312 4 12 8 9 5 
0
2
3 56 58 422 4 12 5 6 11 
1 56 57 3245 4 4 11 3 10 
1
7 57 59 3737 4 6 8 11 1 
1
3 58 59 1332 4 9 10 4 1 
0
