0 1 0.00% 0.648380
1 1 50.00% 0.161254
2 1 66.67% 0.224860
3 1 75.00% 0.356864
3 2 60.00% 0.218465
4 2 66.67% 0.266559
4 3 57.14% 0.286308
4 4 50.00% 0.422097
4 5 44.44% 0.341094
5 5 50.00% 0.292957
5 6 45.45% 0.255713
5 7 41.67% 0.068035
6 7 46.15% 0.128998
7 7 50.00% 0.117253
7 8 46.67% 0.414753
8 8 50.00% 0.122771
9 8 52.94% 0.076677
10 8 55.56% 0.209316
11 8 57.89% 0.269075
12 8 60.00% 0.132855
12 9 57.14% 0.227604
13 9 59.09% 0.161245
13 10 56.52% 0.028020
13 11 54.17% 0.083082
14 11 56.00% 0.062689
15 11 57.69% 0.077203
15 12 55.56% 0.057130
16 12 57.14% 0.080582
17 12 58.62% 0.184123
17 13 56.67% 0.105871
17 14 54.84% 0.061447
18 14 56.25% 0.104804
19 14 57.58% 0.066128
19 15 55.88% 0.054538
20 15 57.14% 0.065089
21 15 58.33% 0.045549
