0
0
2
9 2 24 56913 3 8 3 5 
1 2 33 7568 3 2 11 3 
2
4 3 30 11743 3 11 9 10 
2 3 16 13804 3 5 8 12 
0
1
6 5 13 23363 3 11 12 3 
1
3 6 27 1267 3 6 8 11 
1
1 7 15 9631 3 3 11 4 
2
6 8 24 46622 3 12 10 7 
1 8 28 112961 3 5 11 10 
1
4 9 17 6682 3 8 10 3 
1
4 10 19 31741 3 1 2 5 
0
1
12 12 13 5522 3 4 11 10 
1
7 13 33 4840 3 2 8 9 
1
11 14 25 4306 3 10 9 8 
1
11 15 31 88972 3 6 10 9 
1
12 16 22 5334 3 5 11 10 
2
2 17 23 3344 3 5 6 10 
7 17 23 18821 3 6 5 10 
1
4 18 31 13798 3 12 3 8 
0
1
10 20 34 1309 3 1 11 3 
2
10 21 30 28780 3 3 7 5 
4 21 34 1988 3 2 3 9 
1
6 22 23 6642 3 5 4 11 
1
6 23 26 14482 3 8 5 11 
0
0
3
8 26 33 1861 3 10 9 5 
11 26 28 1263 3 1 7 12 
9 26 27 13218 3 8 3 10 
1
6 27 29 5667 3 10 5 7 
1
12 28 33 7100 3 1 4 11 
1
8 29 31 5928 3 6 4 11 
1
12 30 33 18902 3 6 1 4 
1
11 31 33 1742 3 6 2 1 
1
3 32 35 2625 3 10 6 4 
1
1 33 34 6089 3 6 3 12 
1
10 34 35 1392 3 7 11 12 
1
1 35 35 597 3 12 9 2 
