0 2 0.00% 1.377253
1 2 33.33% 2.845675
2 3 40.00% 2.752734
2 4 33.33% 2.764134
2 5 28.57% 2.749859
3 5 37.50% 2.836803
4 5 44.44% 2.764300
4 6 40.00% 1.386227
4 7 36.36% 1.414833
4 9 30.77% 2.770739
4 10 28.57% 1.393640
4 12 25.00% 1.434730
4 14 22.22% 1.381541
4 15 21.05% 2.849832
4 16 20.00% 1.404230
4 17 19.05% 1.392689
4 18 18.18% 2.840682
4 19 17.39% 2.779935
4 20 16.67% 2.806717
4 21 16.00% 2.779757
4 22 15.38% 2.768812
4 24 14.29% 1.399619
4 25 13.79% 2.764857
4 26 13.33% 2.808076
4 28 12.50% 1.389826
4 29 12.12% 2.790106
4 31 11.43% 1.388997
6 31 16.22% 2.763210
6 33 15.38% 1.387827
6 34 15.00% 1.373671
6 36 14.29% 1.400727
6 37 13.95% 1.392740
6 38 13.64% 1.593050
6 40 13.04% 2.953553
6 41 12.77% 1.407514
6 42 12.50% 1.526687
6 43 12.24% 2.972208
6 45 11.76% 1.397200
6 46 11.54% 2.782300
6 47 11.32% 3.113934
6 48 11.11% 1.535774
6 49 10.91% 2.797642
6 50 10.71% 2.967414
6 51 10.53% 2.777758
6 52 10.34% 2.964159
6 53 10.17% 1.399171
