0 1 0.00% 22.015597
0 2 0.00% 16.950339
1 2 33.33% 1.259374
2 2 50.00% 12.602115
3 2 60.00% 12.578404
4 2 66.67% 10.048495
5 2 71.43% 10.633733
6 2 75.00% 1.871082
7 2 77.78% 20.901147
7 3 70.00% 1.898270
7 4 63.64% 5.634286
7 5 58.33% 2.515675
8 5 61.54% 10.029467
9 5 64.29% 9.572027
10 5 66.67% 5.009814
11 5 68.75% 9.374004
12 5 70.59% 3.135245
12 6 66.67% 3.147134
12 7 63.16% 1.253283
13 7 65.00% 9.474211
13 8 61.90% 17.149590
13 9 59.09% 1.259232
14 9 60.87% 5.034619
15 9 62.50% 2.508305
16 9 64.00% 4.995824
16 10 61.54% 12.551758
17 10 62.96% 20.291071
17 11 60.71% 11.951512
17 12 58.62% 11.271485
