0 1 0.00% 0.930793
0 2 0.00% 0.563709
1 2 33.33% 0.057941
2 2 50.00% 0.071737
3 2 60.00% 0.086329
4 2 66.67% 0.120727
5 2 71.43% 0.438091
6 2 75.00% 0.064094
7 2 77.78% 0.164989
7 3 70.00% 0.063740
7 4 63.64% 0.180256
7 5 58.33% 0.051512
8 5 61.54% 0.306649
9 5 64.29% 0.320527
10 5 66.67% 0.209447
11 5 68.75% 0.243658
12 5 70.59% 0.107215
12 6 66.67% 0.053288
12 7 63.16% 0.026702
13 7 65.00% 0.216909
13 8 61.90% 0.489312
13 9 59.09% 0.024832
14 9 60.87% 0.116654
15 9 62.50% 0.104765
16 9 64.00% 0.052636
16 10 61.54% 0.539194
17 10 62.96% 0.662907
17 11 60.71% 0.482964
17 12 58.62% 0.184837
17 13 56.67% 0.056862
18 13 58.06% 0.089766
18 14 56.25% 0.073166
19 14 57.58% 0.409710
19 15 55.88% 0.113984
19 16 54.29% 0.184332
20 16 55.56% 0.298137
21 16 56.76% 0.120592
21 17 55.26% 0.082597
22 17 56.41% 0.453335
22 18 55.00% 0.129563
22 19 53.66% 0.357070
22 20 52.38% 0.095855
22 21 51.16% 0.180177
22 22 50.00% 0.153216
22 23 48.89% 0.350066
23 23 50.00% 0.383122
23 24 48.94% 0.060182
24 24 50.00% 0.194762
25 24 51.02% 0.209321
25 25 50.00% 0.056793
25 26 49.02% 0.186434
25 27 48.08% 0.176400
25 28 47.17% 0.062645
26 28 48.15% 0.060905
27 28 49.09% 0.076451
28 28 50.00% 0.075762
28 29 49.12% 0.046956
29 29 50.00% 0.070502
30 29 50.85% 0.045031
