0 1 0.00% 99.512676
0 2 0.00% 46.121520
1 2 33.33% 2.805579
2 2 50.00% 30.969745
3 2 60.00% 31.006756
4 2 66.67% 24.423731
5 2 71.43% 25.450879
6 2 75.00% 4.289137
7 2 77.78% 59.477148
7 3 70.00% 4.206415
7 4 63.64% 12.867447
7 5 58.33% 5.657659
7 6 53.85% 24.171481
7 7 50.00% 22.350020
7 8 46.67% 11.490516
8 8 50.00% 22.571608
9 8 52.94% 7.063192
9 9 50.00% 7.085666
9 10 47.37% 2.832843
10 10 50.00% 22.496614
10 11 47.62% 46.135311
11 11 50.00% 2.823993
12 11 52.17% 11.368712
13 11 54.17% 5.664648
14 11 56.00% 11.395980
14 12 53.85% 37.203834
15 12 55.56% 58.479775
15 13 53.57% 29.120695
15 14 51.72% 27.368588
