0
2
10 1 35 110110 3 4 11 7 
9 1 27 183570 3 12 10 3 
1
4 2 3 316 3 1 12 9 
0
2
10 4 23 5708 3 2 5 4 
4 4 23 3870 3 8 3 7 
1
7 5 20 6692 3 3 4 1 
1
2 6 21 44328 3 3 9 1 
1
3 7 9 698 3 7 2 10 
1
7 8 40 6636 3 3 2 9 
1
5 9 11 8504 3 12 2 8 
1
7 10 18 29242 3 3 1 10 
0
0
2
2 13 16 13728 3 6 4 12 
8 13 28 13086 3 1 6 11 
1
11 14 28 9364 3 4 6 10 
0
2
10 16 23 4191 3 7 2 6 
8 16 30 1944 3 11 2 5 
2
12 17 21 1672 3 11 5 6 
10 17 21 11895 3 1 3 2 
1
9 18 19 12799 3 1 10 3 
1
10 19 33 6981 3 11 12 4 
1
7 20 46 129149 3 10 9 11 
1
8 21 22 2142 3 5 11 6 
1
10 22 29 2922 3 4 12 8 
0
1
3 24 27 4312 3 5 4 8 
1
7 25 32 577 3 3 11 9 
0
1
1 27 46 57610 3 3 12 9 
2
5 28 59 68089 3 4 3 8 
11 28 46 49291 3 1 8 9 
1
5 29 46 31492 3 9 10 8 
1
10 30 31 338 3 6 7 4 
2
4 31 34 1826 3 8 2 7 
4 31 33 9200 3 6 2 5 
1
5 32 55 14299 3 8 10 11 
0
2
6 34 37 138 3 5 2 11 
9 34 40 12571 3 3 12 10 
0
0
2
3 37 55 18012 3 6 8 2 
12 37 55 2148 3 8 1 11 
2
9 38 44 40164 3 3 12 10 
3 38 54 7524 3 8 1 11 
0
1
5 40 46 12595 3 10 3 12 
2
1 41 56 37043 3 8 3 7 
9 41 43 3227 3 4 10 1 
0
1
11 43 49 10662 3 3 4 9 
1
11 44 48 8925 3 9 4 1 
2
9 45 56 30024 3 10 1 3 
1 45 58 12356 3 12 6 4 
1
6 46 50 31319 3 11 2 10 
1
12 47 53 4785 3 11 8 2 
0
1
9 49 56 4487 3 10 1 11 
2
1 50 51 965 3 11 9 4 
3 50 56 10930 3 5 4 7 
1
4 51 58 38893 3 5 2 9 
1
7 52 53 5783 3 3 2 9 
1
9 53 55 957 3 7 5 1 
1
10 54 55 1181 3 3 2 11 
1
8 55 56 3760 3 1 12 4 
1
6 56 57 7766 3 3 1 5 
0
1
9 58 59 1466 3 8 1 7 
1
9 59 59 2419 3 10 4 12 
