0 1 0.00% 41.402296
1 1 50.00% 34.371883
1 2 33.33% 82.098071
2 2 50.00% 15.076001
2 3 40.00% 30.930493
3 3 50.00% 28.308011
3 4 42.86% 50.996907
4 4 50.00% 18.379734
4 5 44.44% 35.573682
5 5 50.00% 25.069966
5 6 45.45% 6.234530
5 7 41.67% 65.512053
6 7 46.15% 6.531157
7 7 50.00% 9.432732
7 8 46.67% 56.358004
7 9 43.75% 40.874546
8 9 47.06% 21.831584
8 10 44.44% 14.977393
9 10 47.37% 11.781277
10 10 50.00% 8.864891
11 10 52.38% 39.148500
11 11 50.00% 12.858221
11 12 47.83% 25.986379
12 12 50.00% 5.936813
12 13 48.00% 41.765289
13 13 50.00% 28.745877
14 13 51.85% 47.115971
14 14 50.00% 19.481366
14 15 48.28% 6.392127
14 16 46.67% 6.047236
14 17 45.16% 9.676734
15 17 46.88% 13.212494
16 17 48.48% 27.159095
16 18 47.06% 6.199628
16 19 45.71% 28.772368
17 19 47.22% 20.992758
17 20 45.95% 8.998263
17 21 44.74% 6.027431
17 22 43.59% 15.093203
17 23 42.50% 8.846699
17 24 41.46% 15.802227
17 25 40.48% 32.835650
17 26 39.53% 15.817536
17 27 38.64% 14.790952
17 28 37.78% 30.506888
17 29 36.96% 5.992123
17 30 36.17% 11.819464
18 30 37.50% 5.866000
19 30 38.78% 5.981385
19 31 38.00% 21.381279
20 31 39.22% 27.729776
21 31 40.38% 34.403085
21 32 39.62% 5.950657
21 33 38.89% 12.697633
21 34 38.18% 20.886459
21 35 37.50% 11.822197
22 35 38.60% 18.616556
22 36 37.93% 17.741041
22 37 37.29% 17.610600
22 38 36.67% 8.787805
23 38 37.70% 17.601515
24 38 38.71% 20.653907
24 39 38.10% 6.528345
25 39 39.06% 15.359368
25 40 38.46% 6.279445
25 41 37.88% 17.832606
25 42 37.31% 5.948962
25 43 36.76% 5.873862
25 44 36.23% 9.184978
25 45 35.71% 5.943735
25 46 35.21% 5.974770
26 46 36.11% 11.761698
26 47 35.62% 11.756933
26 48 35.14% 14.648100
26 49 34.67% 14.964793
26 50 34.21% 11.839718
27 50 35.06% 15.526284
27 51 34.62% 11.811527
27 52 34.18% 5.943619
27 53 33.75% 14.698255
28 53 34.57% 8.793858
28 54 34.15% 5.981426
29 54 34.94% 11.875983
29 55 34.52% 11.851200
29 56 34.12% 8.996571
29 57 33.72% 9.756216
29 58 33.33% 9.155622
30 58 34.09% 10.585385
30 59 33.71% 6.754065
31 59 34.44% 6.145437
31 60 34.07% 6.626714
32 60 34.78% 5.902182
33 60 35.48% 6.086570
34 60 36.17% 5.943072
35 60 36.84% 6.078204
35 61 36.46% 3.210921
35 62 36.08% 3.151982
35 63 35.71% 3.084942
35 64 35.35% 3.037663
35 65 35.00% 3.006506
