0 1 0.00% 9.638429
1 1 50.00% 10.668114
1 2 33.33% 17.783145
2 2 50.00% 4.721888
2 3 40.00% 8.408127
3 3 50.00% 8.477557
3 4 42.86% 14.138626
4 4 50.00% 6.276353
4 5 44.44% 10.528269
5 5 50.00% 8.153180
5 6 45.45% 1.882933
5 7 41.67% 16.254229
5 8 38.46% 1.966200
6 8 42.86% 3.156230
6 9 40.00% 17.746912
6 10 37.50% 12.699494
7 10 41.18% 7.056804
7 11 38.89% 4.574849
8 11 42.11% 3.799237
9 11 45.00% 2.938769
10 11 47.62% 11.414880
10 12 45.45% 3.934389
10 13 43.48% 8.264915
10 14 41.67% 2.035191
10 15 40.00% 11.464491
11 15 42.31% 8.256672
12 15 44.44% 12.857920
12 16 42.86% 5.619843
12 17 41.38% 2.288130
13 17 43.33% 1.880741
13 18 41.94% 3.481941
13 19 40.62% 5.019279
13 20 39.39% 7.379105
13 21 38.24% 2.171741
14 21 40.00% 8.754934
15 21 41.67% 6.413731
15 22 40.54% 2.806464
15 23 39.47% 1.835788
15 24 38.46% 4.694541
15 25 37.50% 2.875363
15 26 36.59% 4.813213
15 27 35.71% 9.553486
15 28 34.88% 4.588923
16 28 36.36% 4.565874
17 28 37.78% 9.206002
17 29 36.96% 2.170858
17 30 36.17% 3.746857
17 31 35.42% 1.827134
18 31 36.73% 1.837898
18 32 36.00% 6.875095
19 32 37.25% 8.276334
19 33 36.54% 9.171166
19 34 35.85% 1.973725
19 35 35.19% 3.760520
20 35 36.36% 6.626353
20 36 35.71% 3.638081
20 37 35.09% 6.297440
20 38 34.48% 5.424141
20 39 33.90% 5.856234
20 40 33.33% 2.715343
20 41 32.79% 5.433310
21 41 33.87% 6.850689
21 42 33.33% 1.820426
21 43 32.81% 4.977548
21 44 32.31% 1.819057
21 45 31.82% 5.477635
21 46 31.34% 1.846965
21 47 30.88% 1.841381
21 48 30.43% 2.828566
21 49 30.00% 1.817481
21 50 29.58% 1.880136
21 51 29.17% 3.633884
21 52 28.77% 3.698531
21 53 28.38% 4.775671
21 54 28.00% 4.655566
21 55 27.63% 3.644054
22 55 28.57% 4.551670
22 56 28.21% 3.702623
22 57 27.85% 1.893977
22 58 27.50% 4.581717
23 58 28.40% 2.813230
23 59 28.05% 1.909161
23 60 27.71% 3.691572
23 61 27.38% 3.835326
23 62 27.06% 2.831104
23 63 26.74% 2.772624
23 64 26.44% 3.045114
24 64 27.27% 3.726362
24 65 26.97% 1.878045
25 65 27.78% 1.826283
25 66 27.47% 1.890373
26 66 28.26% 1.878005
27 66 29.03% 1.823281
27 67 28.72% 1.880896
28 67 29.47% 2.456058
28 68 29.17% 0.995758
28 69 28.87% 0.939515
28 70 28.57% 0.963461
29 70 29.29% 0.911340
29 71 29.00% 0.935752
