5
9 0 9 34454 4 11 5 10 7 
1 0 10 1015 4 9 5 11 10 
11 0 18 87595 4 3 4 8 6 
10 0 4 1257 4 7 4 6 5 
4 0 8 36665 4 8 11 10 9 
5
4 1 9 10061 4 11 3 5 6 
12 1 15 49269 4 10 11 7 4 
10 1 6 4368 4 4 2 7 5 
3 1 11 40196 4 4 8 5 9 
7 1 8 1344 4 12 5 3 6 
5
3 2 3 4509 4 5 9 10 2 
7 2 18 42049 4 11 5 10 3 
11 2 3 2813 4 4 10 5 3 
2 2 4 2199 4 10 3 8 12 
9 2 18 16388 4 1 4 12 7 
5
9 3 15 87474 4 12 4 8 11 
11 3 9 2415 4 3 1 8 10 
5 3 7 50253 4 2 11 10 6 
9 3 6 166 4 12 3 8 7 
5 3 5 2109 4 12 1 6 11 
0
10
9 5 16 350 4 1 2 7 4 
7 5 8 9561 4 5 2 1 11 
7 5 12 21056 4 8 2 4 10 
7 5 6 2939 4 3 8 10 12 
11 5 16 35683 4 5 8 3 4 
8 5 13 969 4 10 7 3 9 
11 5 18 11100 4 2 9 10 5 
4 5 10 28324 4 8 6 10 7 
12 5 6 2231 4 7 10 8 11 
3 5 6 250 4 5 7 1 11 
0
10
3 7 9 6184 4 2 12 6 7 
10 7 10 4386 4 6 11 3 5 
9 7 14 10944 4 3 5 7 8 
1 7 8 3631 4 5 4 9 10 
7 7 15 2605 4 4 5 12 1 
3 7 13 4632 4 6 2 1 11 
1 7 9 20434 4 12 2 10 5 
4 7 8 4238 4 2 12 1 7 
10 7 11 8077 4 11 3 7 2 
4 7 9 22693 4 12 7 6 11 
5
11 8 12 14588 4 6 5 3 4 
10 8 17 12829 4 8 6 2 7 
2 8 12 13197 4 12 7 8 5 
10 8 12 2729 4 5 12 1 4 
3 8 17 8171 4 8 9 1 2 
5
11 9 10 3488 4 12 7 9 1 
4 9 12 1682 4 8 12 11 2 
6 9 10 1047 4 8 3 4 7 
8 9 10 942 4 7 2 9 6 
4 9 15 18765 4 2 10 7 5 
5
8 10 18 210 4 7 9 5 12 
2 10 19 3058 4 1 7 11 6 
12 10 11 2762 4 11 8 2 9 
3 10 13 2972 4 9 2 7 8 
9 10 16 1623 4 5 6 4 8 
5
6 11 14 9343 4 7 8 1 5 
11 11 16 1846 4 7 1 10 5 
3 11 16 15340 4 11 4 6 12 
4 11 16 8183 4 8 5 11 10 
8 11 13 17891 4 9 10 2 6 
0
10
8 13 18 769 4 1 12 3 2 
12 13 19 1595 4 7 2 11 9 
10 13 14 2422 4 5 2 11 12 
8 13 17 1036 4 10 9 5 6 
1 13 14 837 4 3 6 12 11 
12 13 18 14330 4 10 2 7 4 
11 13 14 1089 4 3 8 2 12 
7 13 14 508 4 3 6 12 8 
12 13 15 689 4 4 3 1 10 
1 13 14 3457 4 10 5 3 11 
5
10 14 15 368 4 2 3 5 11 
4 14 17 2365 4 11 6 10 8 
7 14 17 9012 4 12 1 5 3 
4 14 18 31113 4 5 10 7 2 
10 14 18 4744 4 1 7 6 3 
5
8 15 18 5340 4 6 4 1 2 
7 15 19 1260 4 2 8 3 1 
2 15 18 11128 4 9 1 11 4 
11 15 16 1085 4 4 9 3 6 
6 15 19 25432 4 8 3 10 5 
5
3 16 18 415 4 7 2 8 12 
7 16 17 9348 4 6 2 1 11 
2 16 19 1192 4 3 10 5 12 
3 16 19 7068 4 2 4 7 8 
1 16 18 5163 4 6 2 11 10 
5
1 17 19 2941 4 11 4 6 7 
4 17 19 874 4 6 10 12 8 
10 17 19 1681 4 5 2 3 4 
1 17 18 1774 4 8 9 10 6 
9 17 18 507 4 10 6 5 11 
5
8 18 19 7961 4 3 6 10 5 
6 18 19 1486 4 1 11 4 5 
12 18 19 29 4 7 10 11 9 
8 18 19 1303 4 9 11 7 3 
1 18 19 278 4 6 3 8 10 
5
10 19 19 3444 4 8 5 11 9 
7 19 19 4080 4 12 10 8 1 
9 19 19 2310 4 7 6 10 5 
9 19 19 979 4 11 12 8 4 
8 19 19 1117 4 9 11 4 10 
