7
9 0 2 735 4 12 10 5 7 
3 0 9 4616 4 10 11 7 12 
3 0 9 16086 4 7 11 10 12 
3 0 12 43897 4 2 6 9 11 
12 0 2 1123 4 6 5 10 1 
12 0 4 20013 4 10 7 9 11 
7 0 1 77 4 2 9 10 6 
7
7 1 2 4212 4 3 10 11 5 
11 1 8 8963 4 9 3 4 10 
8 1 12 24976 4 6 11 9 4 
8 1 17 64428 4 6 11 5 7 
9 1 4 42514 4 5 3 8 2 
4 1 3 11691 4 1 9 5 2 
11 1 10 55561 4 1 5 2 3 
7
12 2 9 44 4 4 8 9 5 
9 2 5 8668 4 5 1 6 4 
8 2 6 3520 4 10 5 6 11 
8 2 10 15592 4 1 3 5 12 
10 2 7 1202 4 5 1 6 3 
4 2 9 3847 4 7 2 1 11 
10 2 6 13365 4 9 12 4 7 
0
7
2 4 18 176328 4 5 3 12 9 
1 4 7 10694 4 5 6 2 8 
3 4 13 27086 4 11 8 4 12 
11 4 10 47307 4 7 4 12 10 
10 4 9 5163 4 7 5 9 1 
12 4 9 2639 4 11 3 4 2 
7 4 10 6197 4 6 8 10 4 
7
5 5 11 2790 4 7 11 12 8 
9 5 16 32175 4 4 1 3 10 
8 5 9 3951 4 1 12 7 4 
7 5 15 76054 4 6 10 3 4 
9 5 14 34681 4 8 3 1 6 
3 5 9 50040 4 10 4 7 9 
3 5 7 750 4 6 7 11 12 
14
6 6 8 9456 4 8 1 12 7 
2 6 8 4472 4 4 8 12 6 
6 6 10 1082 4 10 3 12 11 
7 6 7 5739 4 3 12 11 9 
2 6 14 66996 4 6 12 4 5 
4 6 15 22100 4 11 7 1 5 
8 6 8 3045 4 7 2 6 12 
4 6 10 15079 4 1 11 5 9 
8 6 7 5024 4 12 9 5 3 
10 6 11 9684 4 4 9 3 11 
5 6 17 20757 4 8 6 9 11 
11 6 15 59390 4 1 6 7 8 
3 6 9 7140 4 12 11 1 2 
9 6 17 86798 4 2 8 3 4 
7
10 7 8 3643 4 6 1 12 5 
4 7 12 12787 4 8 3 10 12 
2 7 18 28945 4 10 11 7 12 
10 7 11 11440 4 9 3 5 2 
11 7 11 122 4 10 3 12 8 
2 7 14 71183 4 10 9 4 3 
7 7 16 15147 4 9 12 6 1 
0
7
1 9 17 2519 4 7 4 10 12 
10 9 15 1574 4 1 8 9 5 
12 9 14 2726 4 9 1 7 3 
10 9 16 21590 4 2 1 11 8 
12 9 11 8281 4 3 5 4 10 
1 9 13 9853 4 10 7 11 9 
12 9 18 32296 4 4 1 3 7 
14
3 10 17 8683 4 9 7 4 6 
12 10 16 13064 4 9 5 10 3 
7 10 13 4538 4 2 6 8 9 
12 10 14 501 4 6 11 5 9 
8 10 14 21159 4 12 10 6 9 
5 10 19 6074 4 10 8 9 2 
10 10 12 6393 4 7 4 11 8 
7 10 16 7462 4 6 10 9 4 
1 10 11 18838 4 3 8 6 7 
12 10 14 33338 4 2 5 4 3 
6 10 18 8605 4 3 8 1 7 
7 10 15 19571 4 6 1 9 3 
10 10 18 906 4 11 3 5 6 
7 10 15 42829 4 12 6 11 9 
7
3 11 19 9081 4 2 10 6 12 
10 11 18 34930 4 4 6 5 2 
6 11 18 1064 4 10 11 4 7 
1 11 13 2242 4 11 7 2 3 
3 11 15 4327 4 7 5 4 11 
1 11 16 3118 4 4 12 2 11 
3 11 16 23272 4 11 9 2 8 
0
14
1 13 14 990 4 5 6 3 12 
5 13 17 9699 4 1 12 6 11 
11 13 16 2161 4 5 7 10 3 
9 13 15 3784 4 5 8 7 2 
11 13 15 1635 4 10 8 1 4 
8 13 19 38500 4 2 5 10 7 
1 13 16 4148 4 2 7 11 4 
4 13 17 23484 4 7 5 12 8 
2 13 15 1375 4 4 5 8 9 
7 13 15 3461 4 5 11 8 12 
2 13 14 4210 4 8 4 10 6 
10 13 17 2386 4 7 12 3 2 
7 13 18 15570 4 11 5 3 1 
8 13 14 9128 4 7 11 1 2 
7
5 14 15 4332 4 9 4 10 8 
9 14 18 27693 4 12 4 7 5 
12 14 18 7519 4 7 4 11 10 
2 14 18 15435 4 12 5 7 6 
7 14 17 4794 4 2 1 11 10 
4 14 15 17058 4 3 2 7 6 
11 14 17 28 4 8 4 9 10 
0
14
7 16 19 4897 4 2 5 1 9 
7 16 18 2747 4 9 5 11 2 
1 16 19 8826 4 10 6 4 2 
8 16 18 3155 4 3 11 12 1 
1 16 17 6292 4 9 7 11 2 
10 16 19 9221 4 11 4 2 6 
12 16 18 6998 4 2 5 1 8 
9 16 17 865 4 10 1 2 12 
10 16 19 3506 4 2 6 1 7 
7 16 19 20 4 8 5 4 6 
3 16 17 5601 4 10 9 7 4 
1 16 18 7586 4 11 8 9 3 
10 16 19 4657 4 5 7 1 9 
8 16 18 4442 4 6 10 2 3 
7
9 17 18 1757 4 4 3 2 6 
12 17 19 4983 4 2 9 1 3 
2 17 18 539 4 4 10 12 6 
10 17 19 3600 4 3 2 1 12 
10 17 18 480 4 4 6 5 2 
11 17 19 2699 4 7 12 2 6 
6 17 19 5883 4 4 12 11 2 
0
7
6 19 19 235 4 10 12 1 11 
12 19 19 2415 4 5 10 11 1 
5 19 19 257 4 7 12 10 3 
5 19 19 211 4 8 2 1 11 
6 19 19 470 4 8 12 11 9 
1 19 19 698 4 4 11 9 7 
11 19 19 180 4 10 12 5 4 
